nan nan
234.695432	50.041565
234.826855	49.957079
234.960624	49.856165
235.092047	49.757598
235.115516	49.720049
235.092047	49.663725
235.124903	49.593320
235.192961	49.541690
235.270407	49.513528
235.413564	49.433735
235.577842	49.384452
235.744467	49.377411
235.833647	49.318740
235.953336	49.290578
236.054250	49.231907
236.141083	49.175583
236.218528	49.116912
236.263118	49.053548
236.274852	49.015999
236.352298	48.929166
236.406275	48.849373
236.418009	48.783662
236.471986	48.668667
236.528310	48.609996
236.549432	48.631118
236.572900	48.682748
236.638612	48.600609
236.683201	48.520816
236.638612	48.506735
236.605756	48.426943
236.483720	48.358885
236.352298	48.368272
236.284240	48.382353
236.152817	48.410515
236.030781	48.448064
235.899359	48.499695
235.744467	48.551325
235.711612	48.565406
235.711612	48.593568
235.622432	48.617037
235.512131	48.579487
235.345505	48.638158
235.246938	48.659280
235.246938	48.717950
235.312650	48.776621
235.345505	48.842333
235.291528	48.828252
235.246938	48.755500
235.136637	48.732031
234.972359	48.821211
234.937156	48.870495
234.927769	48.936206
235.026336	48.950287
235.124903	49.023039
235.026336	49.030080
234.904300	49.074669
234.805733	49.001917
234.683698	49.023039
234.463095	48.987836
234.275349	49.088750
234.352794	49.081710
234.528807	49.102831
234.463095	49.189664
234.373916	49.231907
234.275349	49.304659
234.197903	49.311700
234.075868	49.318740
234.033625	49.384452
233.845878	49.440776
233.777820	49.433735
233.646397	49.433735
233.557217	49.447816
233.491506	49.562811
233.479772	49.586279
233.568951	49.628522
233.801288	49.621482
234.010156	49.677806
233.822409	49.734130
233.658131	49.705968
233.613541	49.743517
233.580685	49.806882
233.470384	49.750558
233.392939	49.863206
233.282637	49.919530
233.216926	49.942998
233.160602	49.919530
233.106625	49.971160
232.972855	49.898409
232.841432	49.971160
nan nan
237.213586	49.044161
237.168996	49.060588
237.136141	49.074669
237.091551	49.088750
237.002371	49.074669
236.981250	49.102831
237.002371	49.147421
237.079817	49.161502
237.201852	49.196705
237.312153	49.203745
237.422455	49.189664
237.398986	49.248335
237.345009	49.248335
237.323887	49.283538
237.288685	49.297619
237.234708	49.276497
237.168996	49.262416
237.058695	49.248335
236.957781	49.248335
236.847480	49.269457
236.826358	49.304659
236.838093	49.318740
236.826358	49.332821
236.793503	49.377411
236.793503	49.412614
236.838093	49.433735
236.838093	49.499447
236.847480	49.562811
236.847480	49.713009
236.760647	49.734130
236.748913	49.670766
236.659733	49.607401
236.594022	49.576892
236.540045	49.520568
236.483720	49.447816
236.385153	49.464244
236.340564	49.548730
236.340564	49.593320
236.373419	49.663725
236.394541	49.713009
236.317095	49.713009
236.263118	49.713009
236.263118	49.778720
236.218528	49.778720
236.206794	49.806882
236.173938	49.842084
236.185672	49.891368
236.096493	49.957079
nan nan
236.019047	50.027484
236.063637	49.926571
236.054250	49.870246
235.976804	49.926571
235.943948	49.964120
235.932214	49.933611
235.920480	49.919530
235.875890	49.856165
235.810179	49.820963
235.720999	49.813922
235.655288	49.820963
235.589576	49.828003
235.512131	49.863206
235.422951	49.905449
235.345505	49.964120
nan nan
236.078164	45.000000
236.087105	45.035766
236.096493	45.167189
236.096493	45.307999
236.108227	45.432381
236.164551	45.540336
236.141083	45.594313
236.141083	45.695227
236.173938	45.779713
236.119961	45.789100
236.096493	45.850118
236.108227	45.965113
236.119961	46.033171
236.131695	46.134085
236.206794	46.188062
236.361685	46.188062
236.516576	46.202143
236.659733	46.202143
236.770034	46.157553
236.826358	46.188062
236.793503	46.232652
236.704323	46.239693
236.615143	46.286629
236.549432	46.324179
236.450865	46.317138
236.317095	46.317138
236.197407	46.310098
236.119961	46.324179
236.054250	46.361728
236.009660	46.422746
235.997926	46.568249
235.997926	46.666817
236.075371	46.622227
236.087105	46.537741
236.087105	46.469682
236.141083	46.453255
236.185672	46.476723
236.197407	46.483763
236.173938	46.544781
236.164551	46.643348
236.185672	46.727834
236.164551	46.772424
236.075371	46.765384
235.997926	46.795892
235.986191	46.878032
236.063637	46.983639
236.075371	47.037616
236.009660	47.105675
235.953336	47.075166
235.908746	47.014148
235.875890	47.089247
235.843035	47.157305
235.821913	47.262913
235.789057	47.328624
235.753855	47.420151
235.732733	47.523411
235.699878	47.612591
235.643554	47.711158
235.556721	47.828500
235.455807	47.917680
235.380708	47.999819
235.336118	48.096039
235.336118	48.227462
235.380708	48.337763
235.401830	48.382353
235.455807	48.419902
235.544986	48.396434
235.655288	48.344804
235.777323	48.323682
235.854769	48.309601
235.976804	48.272052
236.096493	48.241543
236.206794	48.213381
236.352298	48.220421
236.483720	48.199300
236.638612	48.192259
236.760647	48.192259
236.793503	48.199300
236.847480	48.199300
236.990637	48.154710
237.100938	48.117161
237.234708	48.154710
237.333275	48.138282
237.366131	48.020940
237.323887	47.917680
237.201852	47.844928
237.091551	47.701771
236.990637	47.568001
237.014105	47.403723
237.145528	47.434232
237.168996	47.509330
237.091551	47.509330
237.100938	47.523411
237.201852	47.612591
237.300419	47.657181
237.422455	47.755748
237.476432	47.859009
237.565611	47.887171
237.643057	47.880130
237.675913	47.814419
237.708768	47.790951
237.720503	47.873090
237.741624	47.924720
237.741624	48.013900
237.741624	48.058490
237.753358	48.110120
237.720503	48.182872
237.708768	48.220421
237.697034	48.227462
237.664179	48.286133
237.643057	48.316642
237.631323	48.344804
237.621936	48.375313
237.586733	48.403475
237.532756	48.410515
237.511634	48.419902
237.499900	48.433983
237.443576	48.462145
237.443576	48.485614
237.511634	48.513776
237.521022	48.520816
237.544490	48.586528
237.577346	48.579487
237.577346	48.652239
237.586733	48.717950
237.654791	48.732031
237.732237	48.696829
237.732237	48.710910
237.675913	48.755500
237.586733	48.776621
237.476432	48.790702
237.398986	48.769581
237.356743	48.821211
237.300419	48.863454
237.255829	48.929166
237.234708	48.966715
237.255829	49.001917
237.246442	49.023039
237.201852	49.030080
237.201852	49.044161
nan nan
229.947785	53.510188
230.036964	53.449170
230.102676	53.350603
230.156653	53.273157
230.168387	53.200406
230.102676	53.200406
230.025230	53.273157
nan nan
230.180121	53.660385
230.212977	53.667426
230.224711	53.667426
230.236445	53.646304
230.257567	53.620489
230.302157	53.587633
230.367868	53.554778
230.433580	53.496107
230.478169	53.456211
230.478169	53.404580
230.478169	53.338869
230.478169	53.284892
230.412458	53.219180
230.344400	53.291932
230.290423	53.364684
230.245833	53.411621
230.201243	53.470292
230.168387	53.521922
230.135531	53.554778
230.081554	53.601714
230.025230	53.634570
nan nan
229.980640	53.829357
230.013496	53.817623
230.046352	53.789461
230.081554	53.751912
230.123797	53.704975
230.156653	53.686200
230.180121	53.660385
nan nan
230.764483	52.867155
230.776217	52.867155
230.797339	52.867155
230.820807	52.853074
230.853663	52.794403
230.898253	52.747466
230.940496	52.714611
230.985086	52.653593
230.996820	52.592575
230.996820	52.559720
230.931109	52.580841
230.853663	52.639512
230.820807	52.693489
230.743362	52.773282
230.743362	52.808484
230.752749	52.841340
230.752749	52.860114
230.764483	52.867155
nan nan
232.487060	50.421753
232.519916	50.428793
232.519916	50.414712
232.531650	50.428793
232.487060	50.548482
232.487060	50.590725
232.487060	50.647049
232.266458	50.647049
232.111567	50.661130
232.013000	50.731535
231.935554	50.654089
231.902698	50.583684
231.759541	50.625927
231.658627	50.689292
231.658627	50.766738
231.703217	50.823062
231.801784	50.884079
231.980144	50.891120
232.177278	50.855917
232.343903	50.801940
232.454205	50.780819
232.510529	50.780819
232.674807	50.696332
232.895410	50.632968
233.094891	50.583684
233.282637	50.541441
233.470384	50.506239
233.536096	50.506239
233.646397	50.485117
233.834144	50.456955
233.956179	50.428793
234.087602	50.393591
234.230759	50.372469
234.373916	50.365429
234.463095	50.316145
234.528807	50.245740
234.540541	50.210538
234.552275	50.140133
234.695432	50.041565
nan nan
232.841432	49.971160
232.874288	50.076768
232.928265	50.140133
232.874288	50.140133
232.740518	50.196457
232.695929	50.104930
232.686541	50.076768
232.597362	50.154214
232.552772	50.203497
232.475326	50.189416
232.388493	50.217578
232.287579	50.133092
232.200746	50.147173
232.156157	50.189416
232.200746	50.245740
232.200746	50.302064
232.212481	50.337267
232.099832	50.379510
232.090445	50.463996
232.254724	50.499198
232.409615	50.485117
232.465939	50.449915
232.487060	50.421753
nan nan
236.096493	49.957079
236.054250	50.048606
236.019047	50.027484
nan nan
235.345505	49.964120
235.246938	50.041565
235.214083	50.090849
235.291528	50.133092
235.357240	50.168295
235.380708	50.210538
235.368974	50.287983
235.324384	50.344307
235.345505	50.386550
235.368974	50.435834
235.303262	50.449915
235.237551	50.421753
235.192961	50.393591
235.148371	50.386550
235.082660	50.386550
235.026336	50.435834
234.993480	50.513279
234.981746	50.555522
234.960624	50.555522
234.937156	50.555522
234.871445	50.534401
234.805733	50.499198
234.728288	50.485117
234.629721	50.506239
234.528807	50.527360
234.463095	50.492158
234.397384	50.520320
234.331673	50.569603
234.298817	50.513279
234.230759	50.485117
234.153313	50.520320
234.075868	50.527360
233.956179	50.534401
233.845878	50.541441
233.744964	50.548482
233.613541	50.548482
233.547830	50.590725
233.667518	50.611846
233.777820	50.618887
233.878734	50.654089
234.021890	50.668170
234.066480	50.710413
233.956179	50.717454
233.855265	50.717454
233.878734	50.766738
233.890468	50.823062
233.813022	50.841836
233.723842	50.869998
233.601807	50.884079
233.613541	50.898160
233.735577	50.898160
233.822409	50.926322
233.735577	50.996727
233.580685	51.003768
233.437528	51.024889
233.381204	50.982646
233.315493	50.940403
233.249782	50.982646
233.148868	50.989687
233.050301	50.989687
232.928265	51.003768
232.907144	50.947444
232.951734	50.912241
232.862554	50.898160
232.740518	50.933363
232.620830	50.968565
232.531650	51.010808
232.465939	51.024889
232.454205	51.031930
232.397881	51.064786
232.311048	51.135191
232.266458	51.210289
232.266458	51.273654
232.365025	51.306510
232.487060	51.301816
232.585627	51.327631
232.552772	51.376915
232.510529	51.383955
232.465939	51.398036
232.365025	51.390996
232.266458	51.376915
232.266458	51.405077
232.287579	51.430892
232.388493	51.452013
232.454205	51.466094
232.487060	51.487216
232.597362	51.473135
232.674807	51.473135
232.740518	51.501297
232.686541	51.520072
232.543384	51.548234
232.510529	51.590477
232.564506	51.637413
232.630217	51.679656
232.564506	51.719553
232.552772	51.754755
232.510529	51.773530
232.433083	51.719553
232.388493	51.679656
232.343903	51.630373
232.245336	51.609251
232.189012	51.630373
232.156157	51.712512
232.144422	51.768836
232.144422	51.843935
232.156157	51.911993
232.189012	51.958930
232.189012	51.991785
232.144422	52.005866
232.123301	52.041069
232.123301	52.102087
232.156157	52.163104
232.177278	52.224122
232.144422	52.296874
232.090445	52.317996
232.090445	52.397788
232.057589	52.451765
231.989531	52.425950
231.858108	52.386054
231.780663	52.379013
231.736073	52.371973
231.703217	52.371973
231.726686	52.425950
231.759541	52.451765
231.759541	52.505742
231.714952	52.559720
231.604650	52.559720
231.503736	52.545639
231.428638	52.526864
231.339458	52.533904
231.240891	52.538598
231.205688	52.573801
231.196301	52.646552
231.163445	52.726345
231.107121	52.733385
231.053144	52.754507
231.017941	52.787363
230.975698	52.827259
230.931109	52.874195
230.919374	52.935213
230.886519	52.975109
230.841929	53.015006
230.853663	53.059595
230.898253	53.132347
230.952230	53.193365
230.963964	53.252036
230.963964	53.291932
230.963964	53.310707
230.963964	53.331828
230.952230	53.371725
230.952230	53.444476
230.931109	53.470292
230.886519	53.503147
230.865397	53.510188
230.832542	53.489066
230.776217	53.470292
230.752749	53.456211
230.743362	53.430395
230.698772	53.444476
230.677650	53.477332
230.654182	53.477332
230.642448	53.477332
230.567349	53.521922
230.511025	53.573552
230.445314	53.606408
230.367868	53.653345
230.311544	53.704975
230.278688	53.751912
230.236445	53.784767
230.191856	53.817623
230.135531	53.848132
230.058086	53.880988
nan nan
229.992375	54.141486
230.081554	54.167302
230.058086	54.230666
nan nan
229.882073	55.061446
229.837483	55.061446
229.783506	55.061446
229.727182	55.073180
229.727182	55.080220
229.748304	55.094301
229.706061	55.042671
229.661471	55.012162
229.616881	54.972266
229.584025	54.953491
229.494845	54.897167
229.417400	54.871352
229.330567	54.871352
229.307099	54.845537
229.253121	54.819722
229.175676	54.904208
229.163942	54.859618
229.142820	54.789213
229.065375	54.800947
229.032519	54.897167
229.032519	54.953491
229.032519	55.035631
229.142820	55.068486
229.220266	55.042671
229.285977	55.080220
229.330567	55.068486
229.363423	55.124810
229.440868	55.136545
229.396278	55.199909
229.363423	55.338372
229.285977	55.357147
229.229653	55.319598
229.163942	55.319598
229.119352	55.338372
229.109965	55.375922
229.109965	55.390003
229.109965	55.495610
229.131086	55.570709
229.074762	55.627033
229.065375	55.737334
229.009051	55.774884
228.976195	55.824167
228.922218	55.875798
228.865894	55.993139
228.833038	55.943856
228.854159	56.023648
228.910484	56.084666
228.865894	56.133949
228.776714	56.122215
228.722737	56.084666
228.657025	56.028342
228.567846	55.997833
228.513868	55.936815
228.445810	55.960284
228.368365	55.974365
228.293266	55.929775
228.236942	55.911000
228.180618	55.899266
228.204086	55.857023
228.171230	55.781924
228.138375	55.751415
228.138375	55.706825
228.060929	55.650501
228.004605	55.664582
227.995218	55.589484
227.917772	55.540200
227.840327	55.582443
227.762881	55.650501
227.706557	55.737334
227.739413	55.781924
227.828593	55.793658
227.894304	55.842942
227.917772	55.842942
227.938894	55.899266
227.960015	55.906306
227.983484	55.967324
228.004605	56.011914
228.004605	56.096400
228.004605	56.152724
228.093785	56.194967
228.225208	56.213742
228.391833	56.213742
228.403567	56.244251
228.326122	56.255985
228.215820	56.274760
228.147762	56.286494
228.070317	56.305268
228.004605	56.335777
227.950628	56.378020
227.882570	56.392101
227.795737	56.422610
227.730025	56.469547
227.685436	56.525871
227.673701	56.591582
227.673701	56.617397
227.673701	56.683109
227.673701	56.701884
227.652580	56.706577
227.619724	56.713618
227.497689	56.720658
227.464833	56.755861
227.464833	56.805144
227.408509	56.840347
227.298208	56.847387
227.187907	56.859122
227.155051	56.877896
227.122195	56.894324
227.110461	56.913099
227.065871	56.948301
227.023628	56.974116
226.967304	57.028094
226.946183	57.070337
227.143317	56.985851
227.220762	56.948301
227.232496	56.917792
227.155051	57.039828
227.155051	57.124314
227.077605	57.124314
226.988426	57.082071
226.913327	57.082071
226.824147	57.117273
226.812413	57.159516
226.791291	57.171251
226.713846	57.178291
226.690378	57.147782
226.615279	57.129008
226.493243	57.201759
226.469775	57.236962
226.493243	57.290939
226.636400	57.302673
226.758436	57.302673
226.824147	57.356651
226.767823	57.361344
226.603545	57.349610
226.526099	57.380119
226.514365	57.403587
226.570689	57.438790
226.547221	57.462258
226.460388	57.469299
226.460388	57.539704
226.558955	57.574906
226.547221	57.605415
226.469775	57.605415
226.350086	57.574906
226.305497	57.605415
226.326618	57.659392
226.359474	57.706329
226.448653	57.694595
226.547221	57.659392
226.648134	57.617149
226.758436	57.598375
226.812413	57.570213
226.857003	57.523276
226.901593	57.504501
226.955570	57.504501
226.913327	57.516235
226.889858	57.539704
226.812413	57.586640
226.791291	57.675820
226.725580	57.706329
226.713846	57.664086
226.624666	57.699288
226.547221	57.753266
226.469775	57.804896
226.436919	57.863567
226.493243	57.910504
226.702112	57.887035
226.758436	57.905810
226.657522	57.929278
226.502631	57.933972
226.392329	57.933972
226.326618	57.933972
226.314884	57.922238
226.314884	57.863567
226.237438	57.816630
226.183461	57.858873
226.129484	57.933972
226.138871	57.987949
226.260907	57.992643
226.326618	58.027845
226.448653	58.074782
226.415798	58.109985
226.338352	58.074782
226.249172	58.051314
226.237438	58.086516
226.282028	58.138147
226.350086	58.196818
226.237438	58.192124
226.162340	58.161615
226.117750	58.086516
226.040304	58.027845
225.930003	58.058354
225.906535	58.086516
225.897147	58.133453
225.864292	58.168656
225.864292	58.232020
225.807967	58.267223
225.753990	58.267223
225.676545	58.232020
225.599099	58.283650
225.509919	58.325893
225.444208	58.347015
225.366762	58.389258
225.223606	58.400992
225.146160	58.417420
225.089836	58.469050
225.012390	58.572311
224.934945	58.623942
224.979535	58.687306
224.934945	58.809341
224.869233	58.797607
224.836378	58.778833
224.803522	58.865666
224.747198	58.957192
224.648631	59.142592
224.526596	59.290443
224.484352	59.407784
224.449150	59.370235
224.406907	59.330339
224.439763	59.295136
224.505474	59.194222
224.493740	59.154326
224.416294	59.194222
224.472618	59.121471
224.517208	59.036985
224.517208	58.985354
224.582920	58.910255
224.660365	58.797607
224.704955	58.670878
224.714342	58.602820
224.714342	58.619248
224.824644	58.452623
224.836378	58.382218
224.747198	58.271916
224.704955	58.232020
224.550064	58.248448
224.505474	58.337628
224.460884	58.452623
224.374051	58.504253
224.362317	58.405686
224.296606	58.412726
224.141715	58.412726
224.031413	58.417420
224.040801	58.476091
224.031413	58.584045
224.097125	58.591086
223.998558	58.635676
223.888256	58.750671
223.876522	58.853931
223.921112	58.877400
223.810811	58.938417
223.754487	58.933724
223.721631	58.809341
223.623064	58.785873
223.477560	58.853931
223.367259	58.933724
223.325016	58.985354
223.256958	58.997088
223.268692	58.945458
223.224102	58.921990
223.092679	58.968926
222.994112	59.025250
223.048089	58.968926
223.003500	58.929030
222.904932	58.921990
222.893198	58.905562
222.937788	58.905562
222.958910	58.905562
223.092679	58.898521
223.256958	58.842197
223.301548	58.790567
223.280426	58.778833
223.378993	58.738936
223.477560	58.706081
223.477560	58.654450
223.522150	58.630982
223.578474	58.654450
223.655920	58.654450
223.733365	58.591086
223.799077	58.520681
223.810811	58.464357
223.787342	58.389258
223.665307	58.347015
223.566740	58.337628
223.477560	58.330587
223.435317	58.393952
223.456439	58.382218
223.444705	58.295385
223.346137	58.271916
223.256958	58.260182
223.179512	58.295385
223.048089	58.365790
222.904932	58.424461
222.771163	58.433848
222.660862	58.457316
222.550560	58.527721
222.430872	58.572311
222.297102	58.595779
222.353426	58.659144
222.386282	58.710774
222.285368	58.717815
222.186801	58.694347
222.165679	58.710774
222.109355	58.734243
222.010788	58.797607
221.867631	58.898521
221.799573	58.957192
221.712740	59.018210
221.689272	59.105043
221.733862	59.173101
221.757330	59.257587
221.778452	59.342073
221.855897	59.386663
221.999054	59.435946
222.175067	59.508698
222.142211	59.548595
222.043644	59.576757
221.912221	59.621346
221.844163	59.642468
221.954464	59.576757
222.055378	59.536860
221.999054	59.492271
221.912221	59.492271
221.799573	59.515739
221.724474	59.447681
221.689272	59.396050
221.602439	59.419519
221.557849	59.407784
221.614173	59.330339
221.602439	59.234119
221.578971	59.210650
221.492138	59.217691
221.325512	59.222384
221.271535	59.182488
221.271535	59.142592
221.215211	59.182488
221.104910	59.234119
221.006343	59.278709
220.863186	59.318605
220.684826	59.346767
220.696561	59.374929
220.651971	59.391357
220.541669	59.386663
220.452490	59.414825
220.443102	59.442987
220.365657	59.447681
220.276477	59.475843
220.166176	59.487577
220.100464	59.525126
220.177910	59.560329
220.231887	59.593184
220.309333	59.604919
220.353923	59.637774
220.386778	59.687058
220.386778	59.738688
220.332801	59.771544
220.321067	59.827868
220.332801	59.893579
220.365657	59.942863
220.452490	59.987453
220.497080	59.971025
220.553404	59.910007
220.565138	59.844296
220.541669	59.792665
220.553404	59.731648
220.565138	59.621346
220.651971	59.569716
220.696561	59.604919
220.684826	59.677670
220.651971	59.731648
220.651971	59.799706
220.717682	59.827868
220.795128	59.860724
220.863186	59.865417
220.785740	59.877151
220.675439	59.905313
220.565138	59.954597
nan nan
220.288211	60.057858
220.231887	59.982759
220.145054	59.938169
220.044140	59.872458
nan nan
225.056980	57.283899
225.080449	57.314408
225.089836	57.307367
225.113304	57.248696
225.134426	57.182985
225.134426	57.136048
225.089836	56.997585
225.113304	57.086765
225.167282	57.056256
225.223606	56.997585
225.235340	56.948301
225.190750	56.917792
225.190750	56.877896
225.211871	56.816878
225.211871	56.786370
225.244727	56.755861
225.289317	56.603316
225.301051	56.598623
225.289317	56.500056
225.277583	56.495362
225.277583	56.457813
225.277583	56.427304
225.277583	56.385061
225.277583	56.354552
225.277583	56.281800
225.223606	56.225476
225.134426	56.225476
225.122692	56.300575
225.122692	56.361592
225.089836	56.366286
225.003003	56.464853
224.934945	56.586889
224.946679	56.647906
225.024125	56.713618
225.080449	56.791063
225.080449	56.852081
225.045246	56.805144
225.024125	56.744127
224.970147	56.720658
224.892702	56.720658
224.836378	56.751167
224.782401	56.828613
224.693221	56.847387
224.615775	56.894324
224.660365	56.894324
224.704955	56.955342
224.648631	56.997585
224.714342	57.028094
224.726076	57.093805
224.648631	57.129008
224.604041	57.171251
224.550064	57.255737
224.493740	57.279205
224.383439	57.314408
224.338849	57.356651
224.383439	57.398894
224.374051	57.445830
224.416294	57.511542
224.484352	57.546744
224.538330	57.492767
224.571185	57.473992
224.704955	57.457564
224.770666	57.434096
224.857499	57.391853
224.880968	57.344916
224.946679	57.302673
225.012390	57.302673
225.056980	57.283899
nan nan
225.366762	57.617149
225.333907	57.605415
225.322173	57.628883
225.268195	57.746225
225.256461	57.757959
225.200137	57.828364
225.179016	57.898769
225.179016	57.969175
225.167282	58.016111
225.167282	58.063048
225.200137	58.149881
225.256461	58.173349
225.355028	58.180390
225.465330	58.180390
225.566243	58.180390
225.631955	58.173349
225.718788	58.161615
225.763378	58.093557
225.852557	58.023152
225.930003	57.957440
225.995714	57.898769
226.040304	57.804896
226.061426	57.729797
226.094281	57.699288
226.138871	57.621843
226.150605	57.586640
226.129484	57.605415
226.084894	57.652352
226.040304	57.699288
225.995714	57.753266
225.951124	57.811937
225.906535	57.847139
225.852557	57.910504
225.807967	57.980909
225.786846	58.016111
225.742256	58.074782
225.697666	58.070088
225.685932	58.016111
225.641342	58.016111
225.641342	57.945706
225.685932	57.851833
225.742256	57.781428
225.819702	57.753266
225.864292	57.706329
225.864292	57.687554
225.962859	57.628883
226.016836	57.563172
226.052038	57.523276
225.974593	57.539704
225.918269	57.511542
225.906535	57.485726
225.962859	57.462258
226.028570	57.434096
226.028570	57.368385
225.939390	57.361344
225.873679	57.380119
225.807967	57.398894
225.807967	57.333182
225.819702	57.248696
225.796233	57.225228
225.697666	57.283899
225.653076	57.225228
225.608487	57.178291
225.566243	57.124314
225.533388	57.086765
225.432474	57.082071
225.378497	57.093805
225.333907	57.136048
225.355028	57.171251
225.355028	57.236962
225.378497	57.267471
225.366762	57.290939
225.378497	57.321448
225.387884	57.368385
225.432474	57.384813
225.542775	57.380119
225.587365	57.415321
225.533388	57.427056
225.465330	57.457564
225.432474	57.504501
225.488798	57.527970
225.554509	57.546744
225.608487	57.593681
225.533388	57.586640
225.432474	57.551438
225.387884	57.581947
225.366762	57.617149
nan nan
225.796233	56.647906
225.763378	56.676068
225.685932	56.671375
225.641342	56.732392
225.554509	56.755861
225.533388	56.835653
225.566243	56.877896
225.620221	56.889630
225.709400	56.894324
225.753990	56.924833
225.864292	56.863815
225.951124	56.786370
226.007448	56.791063
226.129484	56.809838
226.162340	56.647906
226.117750	56.647906
225.974593	56.659641
226.028570	56.549339
226.040304	56.464853
226.052038	56.373327
226.052038	56.342818
226.040304	56.293534
226.028570	56.213742
226.007448	56.140990
225.939390	56.267719
225.864292	56.305268
225.840823	56.213742
225.753990	56.293534
225.742256	56.366286
225.718788	56.457813
225.831436	56.446079
225.918269	56.549339
225.906535	56.586889
225.864292	56.537605
225.796233	56.556380
225.753990	56.598623
225.718788	56.617397
225.718788	56.622091
225.796233	56.647906
nan nan
226.204583	56.924833
226.183461	56.955342
226.162340	56.967076
226.106016	56.990544
226.040304	57.016359
225.974593	57.070337
225.983980	57.098499
226.052038	57.117273
226.204583	57.093805
226.392329	57.063296
226.526099	57.032787
226.570689	57.032787
226.680990	57.032787
226.791291	57.016359
226.845269	57.009319
226.922714	56.948301
226.946183	56.906058
226.955570	56.863815
226.946183	56.840347
226.934448	56.767595
226.946183	56.706577
226.946183	56.671375
226.913327	56.664334
226.868737	56.706577
226.800679	56.755861
226.746702	56.809838
226.648134	56.859122
226.615279	56.852081
226.603545	56.774635
226.680990	56.732392
226.734967	56.676068
226.791291	56.636172
226.800679	56.603316
226.812413	56.561073
226.812413	56.495362
226.746702	56.488322
226.624666	56.514137
226.537833	56.483628
226.404064	56.476587
226.350086	56.579848
226.305497	56.701884
226.282028	56.798104
226.282028	56.852081
226.282028	56.877896
226.282028	56.882590
226.272641	56.894324
226.237438	56.877896
226.171727	56.877896
226.117750	56.906058
226.117750	56.924833
226.150605	56.924833
226.204583	56.924833
nan nan
227.143317	56.805144
227.155051	56.809838
227.155051	56.805144
227.176172	56.779329
227.220762	56.732392
227.265352	56.683109
227.354532	56.610357
227.342798	56.586889
227.286474	56.575154
227.244231	56.591582
227.232496	56.544646
227.155051	56.544646
227.089339	56.603316
227.065871	56.664334
227.065871	56.732392
227.056484	56.791063
227.056484	56.828613
227.089339	56.828613
227.143317	56.805144
nan nan
227.232496	56.434344
227.298208	56.427304
227.277086	56.354552
227.277086	56.317003
227.244231	56.305268
227.199641	56.293534
227.143317	56.317003
227.056484	56.335777
226.967304	56.342818
226.913327	56.396795
226.955570	56.446079
227.065871	56.464853
227.143317	56.469547
227.211375	56.457813
227.220762	56.453119
227.232496	56.434344
nan nan
227.894304	56.335777
227.917772	56.312309
227.960015	56.286494
228.004605	56.255985
227.971749	56.251291
227.906038	56.225476
227.917772	56.213742
227.894304	56.206701
227.840327	56.244251
227.772268	56.267719
227.718291	56.293534
227.673701	56.342818
227.661967	56.385061
227.652580	56.434344
227.652580	56.446079
227.685436	56.422610
227.739413	56.392101
227.784003	56.373327
227.849714	56.366286
227.894304	56.342818
227.894304	56.335777
nan nan
224.869233	58.081823
224.913823	58.086516
224.925557	58.081823
224.958413	58.051314
224.958413	57.987949
224.958413	57.941012
224.869233	57.952747
224.747198	57.964481
224.803522	57.922238
224.880968	57.894076
224.880968	57.816630
224.782401	57.800202
224.636897	57.840099
224.493740	57.898769
224.338849	57.929278
224.317727	57.910504
224.284871	57.882342
224.317727	57.858873
224.350583	57.851833
224.428028	57.823671
224.538330	57.788468
224.636897	57.781428
224.693221	57.769694
224.758932	57.776734
224.782401	57.776734
224.857499	57.776734
224.958413	57.746225
224.979535	57.633577
225.003003	57.551438
224.970147	57.539704
224.979535	57.481033
224.824644	57.523276
224.693221	57.558478
224.604041	57.593681
224.493740	57.645311
224.350583	57.706329
224.305993	57.776734
224.195692	57.793162
224.174570	57.722757
224.174570	57.682861
224.240282	57.628883
224.284871	57.593681
224.305993	57.546744
224.305993	57.497461
224.284871	57.427056
224.174570	57.415321
224.064269	57.434096
223.963355	57.485726
223.963355	57.516235
224.040801	57.535010
223.975089	57.593681
223.876522	57.633577
223.864788	57.694595
223.810811	57.753266
223.733365	57.769694
223.644186	57.828364
223.599596	57.905810
223.611330	57.976215
223.733365	57.910504
223.742753	57.964481
223.677041	58.039580
223.590208	58.109985
223.578474	58.161615
223.599596	58.215592
223.611330	58.227326
223.688775	58.121719
223.766221	58.149881
223.787342	58.227326
223.888256	58.232020
223.942234	58.248448
224.040801	58.318853
224.118246	58.283650
224.261403	58.239061
224.338849	58.208552
224.395173	58.138147
224.493740	58.121719
224.517208	58.145187
224.627509	58.133453
224.747198	58.133453
224.803522	58.109985
224.836378	58.086516
224.869233	58.081823
nan nan
227.187907	56.035382
227.211375	56.023648
227.253618	55.960284
227.354532	55.899266
227.453099	55.838248
227.485955	55.800699
227.497689	55.725600
227.396775	55.718560
227.420243	55.695091
227.497689	55.683357
227.542279	55.695091
227.629112	55.627033
227.730025	55.540200
227.772268	55.483876
227.730025	55.495610
227.619724	55.540200
227.497689	55.594177
227.431977	55.612952
227.441365	55.533160
227.530544	55.495610
227.563400	55.469795
227.551666	55.413471
227.619724	55.390003
227.685436	55.408777
227.816858	55.352453
227.816858	55.293782
227.772268	55.282048
227.807471	55.225724
227.894304	55.251539
227.960015	55.218684
227.960015	55.136545
227.906038	55.117770
227.849714	55.049712
227.828593	54.986347
227.894304	55.012162
227.960015	54.991041
227.971749	54.927676
227.938894	54.904208
227.960015	54.826762
227.950628	54.744623
227.894304	54.782172
227.840327	54.770438
227.807471	54.763398
227.706557	54.737583
227.673701	54.833803
227.661967	54.904208
227.652580	54.941757
227.607990	55.023896
227.575134	54.991041
227.542279	54.967572
227.464833	54.998081
227.431977	55.073180
227.431977	55.136545
227.408509	55.155319
227.321676	55.213990
227.187907	55.263274
227.110461	55.282048
227.033015	55.275008
226.988426	55.312557
226.845269	55.338372
226.758436	55.368881
226.878124	55.382962
226.988426	55.408777
226.955570	55.469795
226.934448	55.540200
226.967304	55.556628
227.023628	55.589484
227.011894	55.631727
226.955570	55.664582
226.835881	55.627033
226.702112	55.619993
226.580076	55.676317
226.636400	55.763149
226.734967	55.831208
226.746702	55.918041
226.713846	56.028342
226.713846	56.096400
226.725580	56.159765
226.690378	56.171499
226.657522	56.084666
226.636400	56.058851
226.591810	56.047117
226.493243	56.054157
226.415798	55.993139
226.338352	55.955590
226.216317	55.955590
226.260907	56.054157
226.350086	56.115175
226.382942	56.152724
226.448653	56.220782
226.338352	56.281800
226.305497	56.335777
226.350086	56.366286
226.415798	56.366286
226.526099	56.366286
226.570689	56.305268
226.636400	56.331084
226.690378	56.354552
226.758436	56.342818
226.889858	56.274760
226.889858	56.190273
226.857003	56.145684
226.868737	56.084666
226.934448	56.084666
227.023628	56.084666
227.098727	56.065891
227.143317	56.058851
227.187907	56.035382
nan nan
228.579580	55.312557
228.579580	55.307863
228.624170	55.300823
228.678147	55.345413
228.701615	55.394696
228.755592	55.352453
228.755592	55.263274
228.776714	55.218684
228.833038	55.188175
228.898749	55.155319
229.009051	55.162360
229.053640	55.181134
229.041906	55.237458
228.976195	55.312557
228.955073	55.401737
228.955073	55.446327
228.976195	55.514385
228.999663	55.619993
228.955073	55.725600
228.910484	55.788965
228.889362	55.849982
228.854159	55.892225
228.788448	55.943856
228.711003	55.960284
228.645291	55.948549
228.591314	55.936815
228.502134	55.911000
228.457544	55.868757
228.380099	55.849982
228.326122	55.831208
228.403567	55.788965
228.391833	55.751415
228.326122	55.737334
228.347243	55.688051
228.281532	55.594177
228.302653	55.570709
228.293266	55.533160
228.204086	55.458061
228.269798	55.375922
228.391833	55.345413
228.457544	55.390003
228.445810	55.483876
228.445810	55.521425
228.478666	55.476836
228.523256	55.432246
228.600701	55.465101
228.624170	55.570709
228.612435	55.638767
228.624170	55.619993
228.666413	55.526119
228.678147	55.465101
228.666413	55.401737
228.612435	55.357147
228.567846	55.312557
228.579580	55.312557
nan nan
226.946183	55.035631
226.967304	55.042671
227.000160	55.023896
227.044750	54.960532
227.089339	54.897167
227.143317	54.833803
227.199641	54.770438
227.133929	54.725848
227.011894	54.796253
226.955570	54.890127
226.868737	54.972266
226.791291	55.023896
226.746702	55.087261
226.734967	55.136545
226.725580	55.213990
226.746702	55.256233
226.824147	55.232765
226.889858	55.195215
226.934448	55.124810
226.934448	55.068486
226.946183	55.035631
nan nan
228.368365	55.312557
228.403567	55.293782
228.457544	55.275008
228.502134	55.225724
228.556111	55.206950
228.591314	55.124810
228.600701	55.073180
228.600701	55.054405
228.513868	55.035631
228.457544	55.113076
228.403567	55.155319
228.424689	55.176441
228.412954	55.237458
228.380099	55.289089
228.368365	55.312557
nan nan
227.938894	54.049960
228.004605	54.064041
228.114906	54.096897
228.180618	54.153221
228.236942	54.134446
228.269798	53.998329
228.192352	53.822317
228.093785	53.704975
228.049195	53.573552
228.049195	53.477332
228.049195	53.378765
227.995218	53.298973
227.927160	53.233261
227.873182	53.277851
227.861448	53.284892
227.828593	53.284892
227.751147	53.298973
227.718291	53.306013
227.685436	53.284892
227.596256	53.160509
227.563400	53.233261
227.474220	53.273157
227.453099	53.350603
227.431977	53.390499
227.464833	53.364684
227.584522	53.411621
227.551666	53.496107
227.431977	53.514881
227.363919	53.521922
227.244231	53.561818
227.133929	53.627530
227.065871	53.737831
227.033015	53.822317
226.967304	53.939659
226.868737	53.972514
226.868737	54.057000
226.878124	54.141486
226.889858	54.179036
227.000160	54.179036
227.166785	54.174342
227.321676	54.174342
227.363919	54.153221
227.321676	54.042919
227.321676	53.979555
227.387388	54.042919
227.497689	54.108631
227.629112	54.134446
227.673701	54.082816
227.718291	54.012410
227.739413	53.895069
227.739413	53.843438
227.640846	53.822317
227.551666	53.784767
227.431977	53.737831
227.342798	53.693241
227.441365	53.693241
227.542279	53.700281
227.518810	53.653345
227.509423	53.627530
227.629112	53.627530
227.685436	53.667426
227.762881	53.719056
227.816858	53.784767
227.861448	53.869254
227.906038	53.913843
227.906038	53.953740
227.906038	53.979555
227.906038	54.012410
227.906038	54.038226
227.906038	54.042919
227.938894	54.049960
nan nan
227.849714	52.740426
227.849714	52.754507
227.840327	52.761547
227.807471	52.813178
227.828593	52.895317
227.849714	52.975109
227.739413	52.895317
227.673701	52.935213
227.694823	52.979803
227.772268	53.054902
227.673701	53.080717
227.575134	53.087757
227.640846	53.113573
227.739413	53.139388
227.807471	53.153469
227.894304	53.186325
227.983484	53.226221
228.049195	53.259076
228.105519	53.291932
228.159496	53.273157
228.236942	53.186325
228.293266	53.113573
228.225208	53.120613
228.070317	53.099492
228.060929	53.073676
228.159496	53.059595
228.293266	53.033780
228.326122	52.961028
228.248676	52.900011
228.138375	52.928173
228.082051	52.900011
228.093785	52.794403
228.028074	52.773282
228.060929	52.707570
228.114906	52.646552
228.147762	52.599616
228.171230	52.592575
228.293266	52.580841
228.391833	52.566760
228.424689	52.512783
228.424689	52.491661
228.502134	52.486968
228.567846	52.386054
228.666413	52.296874
228.734471	52.217082
228.734471	52.163104
228.689881	52.156064
228.591314	52.224122
228.457544	52.303915
228.358977	52.350851
228.248676	52.411869
228.225208	52.444725
228.236942	52.451765
228.248676	52.458806
228.248676	52.505742
228.171230	52.512783
228.049195	52.587882
227.960015	52.667674
227.882570	52.733385
227.849714	52.740426
nan nan
229.339954	53.979555
229.339954	53.991289
229.363423	54.017104
229.396278	54.042919
229.429134	54.064041
229.473724	54.082816
229.539435	54.101590
229.595759	54.075775
229.673205	54.017104
229.706061	53.946699
229.661471	53.902109
229.605147	53.869254
229.527701	53.902109
229.485458	53.932618
229.429134	53.960780
229.375157	53.965474
229.339954	53.979555
nan nan
229.461990	53.660385
229.440868	53.672119
229.450256	53.667426
229.506580	53.646304
229.605147	53.627530
229.727182	53.601714
229.837483	53.554778
229.947785	53.510188
nan nan
230.025230	53.273157
229.903195	53.364684
229.760038	53.416314
229.694326	53.482026
229.572291	53.543043
229.506580	53.606408
229.473724	53.646304
229.461990	53.653345
229.461990	53.660385
nan nan
230.025230	53.634570
229.971253	53.672119
229.947785	53.704975
229.947785	53.737831
229.947785	53.770686
229.903195	53.784767
229.849218	53.784767
229.804628	53.822317
229.748304	53.869254
229.748304	53.880988
229.748304	53.906803
229.792894	53.913843
229.849218	53.902109
229.893807	53.876294
229.936050	53.848132
229.980640	53.829357
nan nan
230.058086	53.880988
229.992375	53.913843
229.914929	53.960780
229.882073	54.005370
229.914929	54.089856
229.992375	54.141486
nan nan
230.058086	54.230666
229.959519	54.225972
229.882073	54.218932
229.816362	54.218932
229.727182	54.237707
229.682592	54.296378
229.628615	54.348008
229.595759	54.385557
229.539435	54.411372
229.527701	54.451269
229.539435	54.488818
229.539435	54.559223
229.595759	54.610853
229.616881	54.622588
229.661471	54.692993
229.760038	54.725848
229.882073	54.662484
229.903195	54.692993
229.837483	54.756357
229.837483	54.807988
229.858605	54.852577
229.893807	54.915942
229.971253	54.948798
229.980640	54.991041
229.959519	55.012162
229.947785	55.042671
229.936050	55.054405
229.882073	55.061446
nan nan
220.044140	59.872458
219.945573	59.811440
219.790682	59.766850
219.614670	59.731648
219.448044	59.743382
219.283766	59.755116
219.084285	59.776238
218.896538	59.799706
218.741647	59.837255
218.544513	59.881845
218.467067	59.910007
218.488189	59.938169
218.610224	59.966331
218.598490	59.992146
nan nan
218.356766	60.008574
218.213609	59.971025
218.068105	59.975719
217.915561	59.987453
nan nan
212.515493	60.003881
212.494372	59.954597
212.416926	59.931129
212.393458	59.881845
212.360602	59.881845
212.250301	59.837255
212.086022	59.792665
212.008577	59.816134
212.029698	59.898273
212.074288	59.947557
212.163468	59.975719
nan nan
211.257590	60.015615
211.114433	59.959291
210.947807	59.975719
210.804651	59.975719
nan nan
210.605170	60.008574
210.527724	59.987453
nan nan
210.452625	60.015615
210.363446	59.959291
210.351711	59.848989
210.297734	59.715220
210.229676	59.827868
210.187433	59.959291
210.119375	59.898273
210.109987	59.865417
210.142843	59.776238
210.065397	59.698792
nan nan
201.431391	56.366286
201.377414	56.324043
201.398535	56.342818
201.431391	56.342818
201.520571	56.347511
201.553426	56.331084
201.609750	56.305268
201.553426	56.267719
201.598016	56.244251
201.553426	56.176192
201.508837	56.096400
201.475981	56.042423
201.443125	56.084666
201.431391	56.171499
201.443125	56.255985
201.443125	56.281800
201.422004	56.312309
201.431391	56.366286
nan nan
205.228570	56.556380
205.240304	56.568114
205.263773	56.575154
205.306016	56.579848
205.329484	56.591582
205.374074	56.603316
205.395196	56.579848
205.395196	56.525871
205.329484	56.469547
205.273160	56.415570
205.219183	56.422610
205.207449	56.483628
205.228570	56.556380
nan nan
205.758955	56.544646
205.704978	56.544646
205.660388	56.544646
205.627532	56.556380
205.636920	56.586889
205.693244	56.617397
205.758955	56.629132
205.815279	56.617397
205.815279	56.591582
205.815279	56.568114
205.758955	56.544646
nan nan
206.807990	57.129008
206.796256	57.117273
206.763400	57.093805
206.754013	57.086765
206.653099	57.039828
206.610856	57.070337
206.566266	57.117273
206.653099	57.194719
206.742279	57.225228
206.796256	57.206453
206.918292	57.206453
207.040327	57.213494
207.052061	57.190025
206.951147	57.152476
206.831459	57.136048
206.807990	57.129008
nan nan
205.162859	57.373078
205.097147	57.368385
205.097147	57.398894
205.151125	57.403587
205.252039	57.403587
205.263773	57.492767
205.338871	57.551438
205.484375	57.628883
205.550087	57.621843
205.627532	57.659392
205.824666	57.671126
205.925580	57.664086
205.869256	57.621843
205.824666	57.581947
205.902112	57.570213
205.946702	57.523276
205.979557	57.445830
206.047616	57.427056
206.134449	57.427056
206.157917	57.481033
206.157917	57.535010
206.190773	57.570213
206.146183	57.621843
206.233016	57.640618
206.134449	57.722757
206.024147	57.800202
206.003026	57.863567
206.068737	57.898769
206.211894	57.910504
206.312808	57.816630
206.333930	57.711023
206.387907	57.699288
206.477087	57.793162
206.566266	57.835405
206.653099	57.816630
206.742279	57.816630
206.807990	57.858873
206.831459	57.898769
206.742279	57.957440
206.840846	57.933972
206.908904	57.945706
207.019205	57.933972
207.019205	57.804896
207.084917	57.776734
207.138894	57.835405
207.239808	57.905810
207.392352	57.922238
207.427555	57.875301
207.404086	57.753266
207.382965	57.729797
207.382965	57.671126
207.415821	57.671126
207.427555	57.617149
207.514388	57.610109
207.615302	57.617149
207.713869	57.621843
207.758459	57.617149
207.669279	57.516235
207.615302	57.473992
207.460410	57.473992
207.359497	57.511542
207.249195	57.535010
207.129507	57.570213
207.007471	57.558478
206.951147	57.473992
207.040327	57.469299
207.138894	57.462258
207.260929	57.438790
207.317254	57.398894
207.317254	57.349610
207.317254	57.314408
207.228074	57.321448
207.150628	57.333182
207.138894	57.403587
207.073183	57.398894
206.984003	57.349610
206.807990	57.326142
206.840846	57.326142
206.918292	57.279205
206.831459	57.283899
206.620243	57.241656
206.542798	57.194719
206.444231	57.110233
206.322195	57.098499
206.289340	57.063296
206.322195	57.021053
206.322195	56.948301
206.233016	56.877896
206.101593	56.852081
205.991292	56.816878
205.880990	56.791063
205.958436	56.894324
206.068737	56.967076
206.057003	57.009319
205.946702	57.016359
205.902112	57.032787
205.892725	57.093805
205.913846	57.140742
205.815279	57.178291
205.660388	57.194719
205.604064	57.171251
205.636920	57.147782
205.758955	57.136048
205.770689	57.039828
205.770689	56.948301
205.648654	56.906058
205.472641	56.985851
205.428051	57.082071
205.406930	57.182985
205.350606	57.279205
205.228570	57.307367
205.162859	57.373078
nan nan
206.521676	58.109985
206.498208	58.109985
206.521676	58.121719
206.554532	58.145187
206.620243	58.156921
206.709423	58.145187
206.796256	58.126412
206.840846	58.086516
206.885436	58.039580
206.763400	58.074782
206.685955	58.105291
206.620243	58.093557
206.542798	58.086516
206.521676	58.109985
nan nan
207.206952	58.290691
207.228074	58.295385
207.228074	58.314159
207.106038	58.318853
207.019205	58.354055
207.094304	58.365790
207.117773	58.405686
207.171750	58.445582
207.206952	58.452623
207.305519	58.476091
207.392352	58.464357
207.493266	58.464357
207.615302	58.469050
207.615302	58.424461
207.514388	58.393952
207.537856	58.354055
207.669279	58.365790
207.758459	58.412726
207.767846	58.337628
207.758459	58.283650
207.835904	58.307119
207.857026	58.227326
207.692747	58.227326
207.615302	58.156921
207.448676	58.145187
207.350109	58.168656
207.282051	58.114678
207.150628	58.098250
207.138894	58.074782
207.094304	58.063048
207.028593	58.070088
206.995737	58.098250
206.951147	58.133453
206.918292	58.173349
206.831459	58.192124
206.775135	58.208552
206.852580	58.208552
206.873702	58.271916
206.918292	58.302425
207.019205	58.290691
207.094304	58.278957
207.171750	58.278957
207.206952	58.290691
nan nan
207.317254	58.647410
207.338375	58.619248
207.359497	58.619248
207.371231	58.602820
207.392352	58.602820
207.448676	58.635676
207.505000	58.635676
207.547243	58.619248
207.537856	58.555883
207.505000	58.532415
207.415821	58.532415
207.338375	58.560577
207.317254	58.607514
207.317254	58.647410
nan nan
199.997475	56.537605
200.084308	56.591582
200.107776	56.591582
200.185222	56.586889
200.337766	56.652600
200.459801	56.701884
200.570103	56.706577
200.680404	56.732392
200.814173	56.805144
200.945596	56.870856
201.023042	56.835653
201.100487	56.863815
201.210789	56.847387
201.267113	56.913099
201.311702	57.032787
201.386801	57.129008
201.431391	57.129008
201.508837	57.194719
201.586282	57.236962
201.684849	57.307367
201.720052	57.373078
201.806885	57.384813
201.872596	57.349610
202.083811	57.570213
202.149523	57.605415
202.205847	57.659392
202.248090	57.741532
202.271558	57.875301
202.304414	57.999683
202.325535	58.074782
202.358391	58.173349
202.525016	58.271916
202.602462	58.325893
202.536750	58.330587
202.447571	58.325893
202.414715	58.337628
202.459305	58.480785
202.513282	58.595779
202.701029	58.663838
202.867654	58.774139
202.855920	58.797607
202.790209	58.809341
202.912244	58.858625
202.999077	58.945458
203.099991	59.018210
203.186824	59.098002
203.153968	59.133205
203.055401	59.109736
202.921631	59.069840
202.766740	58.997088
202.691641	58.938417
202.623583	58.905562
202.536750	58.865666
202.402981	58.809341
202.316148	58.774139
202.205847	58.745977
202.104933	58.727202
201.982897	58.694347
201.851474	58.663838
201.741173	58.663838
201.675462	58.682612
201.598016	58.734243
201.475981	58.785873
201.386801	58.837504
201.398535	58.853931
201.431391	58.905562
201.464247	58.968926
201.454859	59.029944
201.386801	59.018210
201.332824	58.968926
201.255378	58.929030
201.177933	58.893828
201.100487	58.802301
201.055897	58.767098
201.046510	58.767098
201.145077	58.670878
201.156811	58.560577
201.145077	58.520681
201.001920	58.433848
200.945596	58.433848
200.933862	58.424461
200.823561	58.469050
200.757849	58.532415
200.659282	58.642716
200.560715	58.745977
200.450414	58.825769
200.337766	58.858625
200.349500	58.917296
200.272054	58.921990
200.218077	58.950152
200.173487	58.905562
200.074920	58.870359
nan nan
210.065397	59.698792
209.966830	59.731648
209.788471	59.682364
209.743881	59.665936
209.734494	59.565022
209.600724	59.464108
209.513891	59.374929
209.567868	59.487577
209.567868	59.588491
209.436446	59.543901
209.326144	59.548595
209.236965	59.492271
209.159519	59.442987
209.037484	59.342073
208.971772	59.278709
208.861471	59.323298
208.718314	59.351460
208.685458	59.335033
208.697193	59.238812
208.551689	59.245853
208.399145	59.234119
208.199664	59.189529
208.122218	59.238812
207.979061	59.266974
207.979061	59.342073
208.077628	59.363195
208.065894	59.419519
208.133952	59.480536
208.232519	59.419519
208.265375	59.475843
208.309965	59.499311
208.363942	59.504005
208.474243	59.475843
208.575157	59.464108
208.497712	59.504005
208.518833	59.543901
208.629134	59.543901
208.751170	59.597878
208.840350	59.670630
208.927182	59.783278
208.840350	59.792665
208.661990	59.726954
208.453122	59.661243
208.363942	59.642468
208.277109	59.661243
208.133952	59.705833
208.065894	59.766850
208.101096	59.853683
208.199664	59.947557
nan nan
207.228074	60.020308
207.150628	59.966331
207.084917	59.910007
206.918292	59.905313
206.786869	59.898273
206.676568	59.865417
206.840846	59.837255
206.852580	59.766850
206.742279	59.715220
206.542798	59.698792
206.542798	59.783278
206.411375	59.766850
206.366785	59.687058
206.256484	59.715220
206.301074	59.642468
206.289340	59.569716
206.179038	59.532167
206.179038	59.475843
206.057003	59.419519
205.815279	59.396050
205.815279	59.358501
205.749568	59.217691
205.704978	59.126164
205.660388	59.065147
205.749568	59.041678
206.012413	59.086268
206.179038	59.058106
206.211894	59.006476
206.312808	58.985354
206.399641	58.968926
206.477087	58.945458
206.531064	58.905562
206.531064	58.837504
206.509942	58.767098
206.455965	58.727202
206.387907	58.694347
206.312808	58.670878
206.223628	58.654450
206.068737	58.630982
205.979557	58.579352
205.946702	58.544149
205.836401	58.532415
205.815279	58.476091
205.848135	58.429154
205.848135	58.393952
205.672122	58.347015
205.737833	58.314159
205.791811	58.302425
205.782423	58.239061
205.782423	58.208552
205.582942	58.149881
205.472641	58.173349
205.383461	58.121719
205.338871	58.086516
205.219183	58.074782
205.186327	58.063048
205.108882	58.063048
204.888279	58.016111
204.853077	57.964481
204.810834	57.933972
204.766244	57.905810
204.667677	57.858873
204.578497	57.851833
204.555029	57.828364
204.522173	57.788468
204.489317	57.741532
204.435340	57.753266
204.411872	57.757959
204.334426	57.781428
204.214737	57.788468
204.191269	57.699288
204.137292	57.652352
204.113824	57.605415
203.949545	57.598375
203.883834	57.610109
203.806388	57.485726
203.750064	57.523276
203.639763	57.473992
203.496606	57.415321
203.440282	57.403587
203.362836	57.344916
203.407426	57.314408
203.517727	57.321448
203.508340	57.236962
203.508340	57.190025
203.419160	57.105539
203.297125	57.056256
203.264269	57.028094
203.153968	57.056256
203.142234	57.009319
203.099991	56.985851
203.010811	57.002278
202.977955	56.948301
202.888776	56.906058
202.811330	56.877896
202.724497	56.835653
202.647052	56.840347
202.513282	56.877896
202.402981	56.852081
202.381859	56.786370
202.391247	56.720658
202.402981	56.659641
202.248090	56.659641
202.161257	56.706577
202.093199	56.694843
201.928920	56.636172
201.851474	56.586889
202.027487	56.603316
202.072077	56.591582
202.018100	56.514137
201.928920	56.514137
201.762295	56.514137
201.684849	56.507096
201.497102	56.469547
201.377414	56.410876
201.231910	56.331084
201.046510	56.342818
200.969064	56.410876
200.901006	56.518830
200.790705	56.525871
200.847029	56.427304
200.945596	56.342818
201.100487	56.274760
201.255378	56.251291
201.243644	56.183233
201.267113	56.084666
201.210789	56.035382
201.166199	56.035382
201.156811	56.035382
201.100487	56.035382
200.978452	55.974365
200.891619	55.943856
200.802439	55.936815
200.736728	55.936815
200.680404	55.925081
200.570103	55.911000
200.492657	55.911000
200.450414	55.936815
200.438680	55.925081
200.438680	55.875798
200.394090	55.788965
200.349500	55.725600
200.304910	55.664582
200.250933	55.601218
200.218077	55.612952
200.250933	55.695091
200.250933	55.737334
200.250933	55.807739
200.194609	55.875798
200.074920	55.875798
200.006862	55.824167
nan nan
190.668805	52.801444
190.678192	52.834299
190.678192	52.874195
190.722782	52.907051
190.811962	52.953988
190.889408	53.073676
190.999709	53.179284
191.086542	53.284892
191.196843	53.324788
191.264901	53.324788
191.408058	53.343562
191.417446	53.411621
191.452648	53.482026
191.640395	53.521922
191.792939	53.561818
191.893853	53.536003
191.914975	53.456211
191.882119	53.378765
191.738962	53.343562
191.562949	53.277851
191.440914	53.212140
191.384590	53.172244
191.274289	53.099492
191.241433	53.066636
191.131132	53.007965
190.898795	52.853074
190.821349	52.841340
190.701661	52.787363
190.668805	52.801444
nan nan
192.159045	53.317747
192.081600	53.371725
192.090987	53.383459
192.159045	53.404580
192.236491	53.416314
192.278734	53.416314
192.412504	53.430395
192.511071	53.456211
192.654228	53.528962
192.689430	53.627530
192.743407	53.672119
192.787997	53.730790
192.910033	53.679160
192.996866	53.737831
192.942888	53.784767
192.820853	53.784767
192.722286	53.880988
192.743407	53.953740
192.874830	53.991289
193.029721	54.005370
193.140022	53.965474
193.208081	53.888028
193.318382	53.960780
193.384093	54.024145
193.449805	54.017104
193.515516	53.965474
193.506129	53.939659
193.461539	53.880988
193.318382	53.803542
193.285526	53.730790
193.384093	53.770686
193.405215	53.693241
193.306648	53.627530
193.208081	53.601714
193.074311	53.561818
193.020334	53.489066
192.865443	53.477332
192.710552	53.430395
192.567395	53.350603
192.466481	53.338869
192.323324	53.324788
192.180167	53.317747
192.159045	53.317747
nan nan
193.869888	54.277603
193.891010	54.270562
193.923865	54.237707
194.024779	54.230666
194.069369	54.179036
194.102225	54.134446
193.980189	54.064041
193.891010	54.075775
193.792443	54.082816
193.759587	54.153221
193.771321	54.237707
193.869888	54.277603
nan nan
194.951779	54.648403
194.951779	54.655443
195.094936	54.707074
195.172382	54.756357
195.303804	54.845537
195.348394	54.915942
195.404718	54.986347
195.503285	54.979307
195.669911	54.972266
195.867045	54.998081
196.012549	55.042671
196.111116	55.094301
196.188561	55.113076
196.254273	55.113076
196.331718	55.094301
196.352840	55.042671
196.376308	54.979307
196.409164	54.927676
196.430285	54.878393
196.453754	54.864312
196.486609	54.845537
196.531199	54.833803
196.573442	54.807988
196.650888	54.807988
196.695478	54.782172
196.718946	54.737583
196.683744	54.718808
196.540587	54.751664
196.418551	54.685952
196.197949	54.655443
195.944490	54.662484
195.756744	54.662484
195.559610	54.533408
195.294417	54.392598
195.172382	54.451269
195.062080	54.495859
195.017491	54.547489
194.972901	54.610853
194.951779	54.648403
nan nan
197.103827	54.500552
197.059237	54.495859
197.115561	54.514633
197.204741	54.521674
197.270452	54.500552
197.303308	54.455962
197.291574	54.437188
197.169538	54.418413
197.115561	54.481778
197.103827	54.500552
nan nan
199.267609	55.368881
199.190163	55.439286
199.201898	55.408777
199.201898	55.375922
199.213632	55.368881
199.255875	55.368881
199.279343	55.413471
199.323933	55.446327
199.356789	55.401737
199.356789	55.357147
199.356789	55.312557
199.377910	55.275008
199.389644	55.270314
199.389644	55.251539
199.368523	55.206950
199.255875	55.237458
199.180776	55.213990
199.136186	55.213990
199.112718	55.289089
199.091596	55.413471
199.136186	55.432246
199.157308	55.368881
199.213632	55.352453
199.267609	55.368881
nan nan
199.145574	58.846891
199.169042	58.858625
199.145574	58.778833
199.103331	58.710774
199.014151	58.619248
198.915584	58.595779
198.838138	58.612207
198.814670	58.699040
198.847526	58.738936
198.948439	58.757711
199.058741	58.809341
199.124452	58.842197
199.145574	58.846891
nan nan
194.311093	60.003881
194.254769	59.975719
194.102225	59.987453
194.045901	59.942863
193.935600	59.931129
193.902744	59.910007
193.813564	59.872458
193.771321	59.804400
193.583574	59.848989
193.384093	59.872458
193.250324	59.898273
193.118901	59.942863
193.008600	59.982759
192.886564	59.975719
192.787997	59.999187
nan nan
196.564055	55.188175
196.650888	55.195215
196.707212	55.218684
196.794045	55.244499
196.850369	55.282048
196.916080	55.289089
196.993526	55.251539
197.082706	55.289089
197.092093	55.345413
197.169538	55.375922
197.324430	55.413471
197.336164	55.465101
197.324430	55.502651
197.347898	55.526119
197.401875	55.551934
197.502789	55.650501
197.601356	55.702132
197.690536	55.751415
197.800837	55.807739
197.953381	55.861717
198.098885	55.911000
198.230308	55.960284
198.361731	55.993139
198.462645	56.011914
198.528356	56.016608
198.561212	56.042423
198.617536	56.058851
198.704369	56.072932
198.781814	56.042423
198.847526	56.035382
198.969561	56.054157
199.035272	56.058851
199.025885	56.011914
198.969561	55.960284
199.047007	55.880491
199.145574	55.857023
199.223019	55.887532
199.234753	55.936815
199.255875	55.929775
199.368523	55.911000
199.488212	55.861717
199.598513	55.849982
199.654837	55.849982
199.643103	55.849982
199.643103	55.861717
199.598513	55.906306
199.455356	55.936815
199.356789	55.960284
199.377910	55.974365
199.401379	56.058851
199.410766	56.096400
199.455356	56.171499
199.577391	56.244251
199.720548	56.392101
199.786260	56.422610
199.997475	56.537605
nan nan
200.074920	58.870359
199.997475	58.825769
199.896561	58.853931
199.809728	58.905562
199.741670	58.893828
199.687693	58.933724
199.631368	58.957192
199.610247	59.006476
199.621981	59.074534
199.675958	59.121471
199.675958	59.222384
199.643103	59.302177
199.565657	59.229425
199.478824	59.137898
199.389644	59.058106
199.255875	58.990048
199.145574	58.938417
199.035272	58.929030
198.948439	58.938417
198.805283	58.877400
198.671513	58.825769
198.540090	58.797607
198.495500	58.774139
198.483766	58.745977
198.385199	58.687306
198.307753	58.663838
198.152862	58.623942
197.965116	58.635676
197.800837	58.654450
197.932260	58.717815
198.087151	58.722509
198.263164	58.825769
198.340609	58.830463
198.274898	58.877400
198.185718	58.865666
198.164597	59.018210
198.263164	59.086268
198.352343	59.114430
198.251429	59.149633
198.108272	59.149633
198.021440	59.109736
197.920526	59.245853
197.943994	59.318605
198.009705	59.330339
198.030827	59.370235
198.173984	59.464108
198.218574	59.504005
198.218574	59.553288
198.120007	59.633081
198.063683	59.715220
198.021440	59.792665
197.943994	59.898273
197.810224	59.982759
nan nan
197.425343	60.081326
197.357285	59.992146
197.270452	59.921741
197.160151	59.853683
197.059237	59.783278
196.939549	59.726954
196.894959	59.670630
196.772923	59.670630
196.629766	59.705833
196.507731	59.698792
196.385695	59.726954
196.310597	59.715220
196.209683	59.738688
196.099382	59.738688
196.021936	59.776238
195.878779	59.837255
195.789599	59.905313
195.923369	59.942863
196.143971	59.954597
196.197949	59.982759
196.066526	59.982759
195.932756	59.975719
nan nan
200.006862	55.824167
199.908295	55.824167
199.819115	55.793658
199.753404	55.737334
199.666571	55.725600
199.577391	55.718560
199.499946	55.688051
199.488212	55.650501
199.389644	55.570709
199.333320	55.594177
199.267609	55.638767
199.234753	55.594177
199.180776	55.577750
199.201898	55.514385
199.157308	55.507344
199.035272	55.526119
198.948439	55.540200
198.805283	55.476836
198.683247	55.446327
198.549477	55.439286
198.429789	55.413471
198.373465	55.465101
198.507234	55.556628
198.483766	55.669276
198.352343	55.664582
198.230308	55.608258
198.173984	55.540200
198.131741	55.469795
198.108272	55.401737
198.087151	55.338372
197.965116	55.263274
197.911138	55.181134
197.843080	55.150626
197.777369	55.176441
197.723392	55.131851
197.622478	55.098995
197.556766	55.124810
197.479321	55.117770
197.446465	55.124810
197.458199	55.150626
197.458199	55.188175
197.425343	55.237458
197.380754	55.270314
197.303308	55.307863
197.291574	55.270314
197.315042	55.213990
197.324430	55.150626
197.347898	55.080220
197.237597	55.049712
197.148417	55.030937
197.038116	55.005122
196.939549	55.054405
196.862103	55.143585
196.772923	55.150626
196.794045	55.087261
196.817513	55.016856
196.772923	54.948798
196.662622	54.908902
196.585176	54.908902
196.585176	54.960532
196.608645	55.030937
196.573442	55.087261
196.540587	55.136545
196.463141	55.131851
196.453754	55.150626
196.564055	55.188175
nan nan
190.126686	56.647906
190.105565	56.636172
190.105565	56.617397
190.105565	56.617397
190.138420	56.610357
190.215866	56.591582
190.248722	56.603316
190.302699	56.617397
190.293311	56.561073
190.225253	56.549339
190.171276	56.603316
190.126686	56.647906
190.225253	56.549339
190.171276	56.603316
190.126686	56.647906
nan nan
239.982852	69.356019
240.000000	69.356019
nan nan
239.938262	65.117634
240.000000	65.135444
nan nan
239.926528	66.596140
240.000000	66.609610
nan nan
230.348670	70.000000
230.311544	69.980277
230.147266	69.933340
230.001762	69.895791
nan nan
229.835137	69.703350
230.046352	69.736206
230.220018	69.801917
230.407764	69.827732
230.553268	69.839467
230.726934	69.858241
230.914681	69.914565
231.046104	69.968543
231.046104	69.926299
231.013248	69.846507
230.938149	69.851201
230.825501	69.766715
230.792645	69.703350
230.914681	69.733859
231.093040	69.764368
231.233850	69.797224
231.379354	69.877016
231.576488	69.949768
nan nan
232.903482	70.000000
232.982242	69.956808
233.057341	69.862935
233.123053	69.783143
233.202845	69.703350
233.320187	69.623558
233.498546	69.583662
233.564258	69.522644
233.597113	69.503869
233.611194	69.487441
233.644050	69.492135
233.775473	69.449892
233.939751	69.391221
234.127498	69.365406
234.305857	69.365406
234.526460	69.360712
234.512379	69.384181
234.578090	69.398262
234.765837	69.402955
234.765837	69.433464
234.625027	69.461626
234.446668	69.445198
234.305857	69.426424
234.357488	69.496829
234.502992	69.499176
234.643802	69.503869
234.789306	69.529684
234.700126	69.534378
234.592171	69.581315
234.502992	69.630598
234.610946	69.668148
234.855017	69.703350
234.855017	69.752634
234.714207	69.764368
234.714207	69.844160
234.765837	69.785489
234.920728	69.862935
235.075619	69.921606
235.141331	69.989664
nan nan
235.077887	70.000000
234.953584	69.975583
234.878485	69.921606
234.812774	69.942727
nan nan
235.263224	70.000000
235.296222	69.961502
nan nan
235.569979	70.000000
235.547333	69.961502
235.537946	69.914565
235.537946	69.869975
235.523865	69.808958
235.481622	69.766715
235.505090	69.717431
235.603657	69.691616
235.735080	69.724472
235.833647	69.722125
235.932214	69.705697
235.899359	69.686922
235.857116	69.644679
235.735080	69.569581
235.589576	69.492135
235.556721	69.445198
235.514478	69.402955
235.481622	69.463973
235.439379	69.402955
235.448766	69.360712
235.570802	69.365406
235.692837	69.344284
235.824260	69.341938
235.833647	69.341938
235.889971	69.348978
235.979151	69.391221
236.101186	69.391221
236.265465	69.377140
236.364032	69.356019
236.518923	69.398262
236.561166	69.461626
236.640958	69.496829
236.739526	69.515603
236.762994	69.588355
236.861561	69.684575
236.861561	69.729165
236.880336	69.801917
237.035227	69.801917
237.124406	69.820692
237.302766	69.839467
237.499900	69.806611
237.654791	69.813651
237.786214	69.806611
237.795601	69.790183
237.884781	69.790183
237.973961	69.806611
238.072528	69.801917
238.194563	69.801917
238.349454	69.778449
238.457409	69.776102
238.602913	69.759674
238.757804	69.710391
238.898614	69.672841
239.044118	69.632945
239.166153	69.607130
239.274107	69.546112
239.428999	69.485094
239.518178	69.433464
239.682457	69.402955
239.827961	69.377140
239.846735	69.367753
239.982852	69.356019
nan nan
240.000000	66.980179
239.994586	66.978675
239.919487	66.964594
239.816226	66.943472
239.750515	66.901229
239.741128	66.866026
239.628480	66.835518
239.543994	66.800315
239.454814	66.809702
239.375021	66.809702
239.290535	66.800315
239.187275	66.779194
239.079320	66.762766
238.980753	66.753378
238.924429	66.718176
238.868105	66.697054
238.769538	66.687667
238.713214	66.652464
238.694439	66.605528
238.595872	66.591447
238.483224	66.584406
238.394044	66.584406
238.342414	66.596140
238.239153	66.560938
238.187523	66.535123
238.107730	66.514001
238.032632	66.518695
237.919984	66.490533
237.797948	66.483492
237.713462	66.523389
237.591427	66.499920
237.502247	66.488186
237.389599	66.478799
237.323887	66.478799
237.225320	66.478799
237.159609	66.474105
237.117366	66.460024
237.070429	66.429515
236.995331	66.417781
236.906151	66.429515
236.915538	66.488186
236.896763	66.504614
236.807584	66.483492
236.727791	66.443596
236.619837	66.408394
236.441477	66.382578
236.291280	66.342682
236.155164	66.288705
236.014353	66.253503
235.948642	66.248809
235.868850	66.272277
235.746814	66.323908
235.662328	66.328601
235.638860	66.312173
235.582536	66.284011
235.526212	66.267584
235.474581	66.248809
235.376014	66.248809
235.263366	66.248809
235.174186	66.234728
235.099088	66.244115
234.986440	66.272277
234.911341	66.248809
234.878485	66.187791
234.855017	66.143201
234.845630	66.079837
234.878485	66.025860
234.887873	65.985963
234.977052	65.936680
235.052151	65.901477
235.108475	65.887396
235.131943	65.927292
235.155412	65.976576
235.253979	65.981270
235.305609	65.950761
235.361933	65.990657
235.361933	66.079837
235.441726	66.110346
235.540293	66.124427
235.681103	66.147895
235.760895	66.150242
235.779670	66.124427
235.812526	66.079837
235.892318	66.049328
235.990885	66.054022
236.080065	66.058715
236.178632	66.049328
236.324136	66.079837
236.488414	66.107999
236.610450	66.138508
236.709017	66.115039
236.774728	66.089224
236.798196	66.044634
236.816971	66.014125
236.915538	66.025860
236.948394	66.070449
236.948394	66.115039
236.948394	66.154935
236.906151	66.192485
237.028186	66.183097
237.136141	66.173710
237.248789	66.154935
237.413067	66.164323
237.544490	66.159629
237.657138	66.164323
237.797948	66.178404
237.966920	66.164323
238.051406	66.154935
238.154667	66.143201
238.253234	66.115039
238.309558	66.098611
238.328333	66.044634
238.384657	66.009432
238.459756	66.009432
238.581791	66.016472
238.680358	66.009432
238.727295	65.964842
238.661583	65.892090
238.563016	65.868622
238.440981	65.868622
238.239153	65.861581
238.088956	65.873315
237.919984	65.892090
237.779173	65.927292
237.713462	65.960148
237.633670	65.964842
237.535103	65.950761
237.460004	65.950761
237.436536	65.922599
237.436536	65.878009
237.445923	65.847500
237.567958	65.828725
237.666525	65.819338
237.746318	65.802910
237.812029	65.755973
237.788561	65.697303
237.755705	65.648019
237.746318	65.584655
237.577346	65.530677
237.460004	65.525984
237.314500	65.516596
237.225320	65.483741
237.159609	65.448538
237.159609	65.406295
237.206546	65.371093
237.206546	65.314768
237.183077	65.270179
237.150222	65.227936
237.061042	65.190386
236.985943	65.171612
236.882682	65.157531
236.798196	65.152837
236.694936	65.148143
236.563513	65.143450
236.521270	65.122328
236.530657	65.094166
236.610450	65.089472
236.629224	65.033148
236.765341	65.028455
236.849827	65.000293
236.948394	64.962743
237.028186	64.939275
237.225320	64.929888
237.422455	64.925194
237.577346	64.929888
237.680606	64.939275
237.788561	64.889991
237.952839	64.899379
238.107730	64.948662
238.239153	65.004986
238.384657	65.051923
238.384657	65.162224
238.492611	65.223242
238.492611	65.281913
238.539548	65.319462
238.727295	65.382827
238.849330	65.425070
239.046464	65.502515
239.210743	65.535371
239.375021	65.535371
239.478282	65.535371
239.543994	65.483741
239.543994	65.425070
239.576849	65.347624
239.497057	65.265485
239.431345	65.195080
239.323391	65.141103
239.210743	65.103553
239.088707	65.098860
239.022996	65.042536
239.022996	64.981518
238.882186	64.958050
238.746070	64.906419
238.638115	64.906419
238.530161	64.861829
238.506692	64.810199
238.572404	64.749181
238.680358	64.716326
238.825862	64.758569
238.947897	64.814893
239.069933	64.847748
239.187275	64.880604
239.445426	64.915806
239.586237	65.019067
239.741128	65.080085
239.806839	65.094166
239.938262	65.117634
nan nan
240.000000	66.353423
239.919487	66.333295
239.764596	66.323908
239.642561	66.359110
239.562768	66.403700
239.628480	66.417781
239.750515	66.424821
239.741128	66.474105
239.684804	66.518695
239.783371	66.530429
239.896019	66.549204
239.928874	66.596140
nan nan
219.966695	69.656413
220.088730	69.656413
220.253009	69.644679
220.309333	69.595396
220.464224	69.593049
220.637890	69.588355
220.774006	69.534378
220.961753	69.473360
221.093176	69.398262
221.248067	69.306735
221.365409	69.248064
221.510912	69.248064
221.567236	69.219902
221.618867	69.259798
221.689272	69.201127
221.877019	69.130722
222.060072	69.067358
222.229044	69.036849
222.360467	68.992259
222.459034	68.950016
222.581069	68.957057
222.721879	68.945322
222.867383	68.933588
222.975337	68.914814
223.111454	68.886652
223.210021	68.877264
223.266345	68.877264
223.275732	68.886652
223.364912	68.893692
223.463479	68.870224
223.463479	68.905426
223.407155	68.950016
223.571434	68.917160
223.792036	68.893692
223.881216	68.865530
224.012639	68.858490
224.214466	68.802165
224.411601	68.734107
224.599347	68.659009
224.707302	68.668396
224.730770	68.670743
224.829337	68.663702
224.773013	68.710639
224.674446	68.759922
224.575879	68.790431
224.557104	68.830327
224.519555	68.863183
224.444456	68.893692
224.566492	68.914814
224.697914	68.891345
224.843418	68.870224
225.007697	68.886652
225.171975	68.874917
225.303398	68.839715
225.336254	68.748188
225.425433	68.691864
225.589712	68.642581
225.711747	68.600338
225.758684	68.555748
225.833783	68.630847
225.810314	68.722373
225.725828	68.759922
225.669504	68.799819
225.589712	68.846755
225.491145	68.910120
225.401965	68.968791
225.350335	69.027462
225.350335	69.065011
225.434821	69.083786
225.538081	69.114295
225.702360	69.196434
225.843170	69.231636
225.979286	69.264492
226.087241	69.330203
226.199889	69.325510
226.265600	69.365406
226.439266	69.379487
226.673950	69.391221
226.824147	69.419383
226.969651	69.475707
226.993119	69.550806
226.993119	69.611824
227.124542	69.654067
227.166785	69.630598
227.255965	69.632945
227.302901	69.684575
227.410856	69.733859
227.523504	69.733859
227.532891	69.703350
227.631458	69.710391
227.795737	69.703350
227.908385	69.745593
227.941241	69.776102
227.964709	69.776102
227.997565	69.785489
228.096132	69.785489
228.251023	69.834773
228.481013	69.881710
228.490400	69.914565
228.513868	69.949768
228.678147	69.938034
228.847119	69.907525
228.978542	69.970889
nan nan
230.001762	69.895791
229.870339	69.874669
229.738916	69.846507
229.593413	69.806611
229.429134	69.722125
229.264856	69.684575
229.086496	69.618864
228.964461	69.560193
228.833038	69.588355
228.692228	69.600089
228.537337	69.581315
228.269798	69.557846
228.072663	69.522644
227.875529	69.461626
227.809818	69.402955
227.941241	69.409996
227.819205	69.367753
227.654927	69.325510
227.598603	69.271532
227.509423	69.285614
227.410856	69.224596
227.354532	69.161231
227.335757	69.217555
227.246577	69.231636
227.025975	69.111948
227.011894	69.050930
227.157398	69.060317
227.321676	69.118988
227.434324	69.126029
227.556360	69.158884
227.687782	69.170619
227.786350	69.182353
227.950628	69.236330
228.161843	69.330203
228.185311	69.353672
228.114906	69.384181
228.171230	69.402955
228.316734	69.433464
228.405914	69.421730
228.391833	69.332550
228.424689	69.356019
228.523256	69.414689
228.556111	69.344284
228.588967	69.360712
228.645291	69.421730
228.711003	69.456932
228.757939	69.452239
228.879975	69.480401
228.978542	69.438158
228.964461	69.344284
228.912830	69.231636
228.912830	69.201127
229.044253	69.297348
229.185063	69.384181
229.250775	69.440505
229.438521	69.546112
229.560557	69.623558
229.593413	69.686922
229.837483	69.703350
nan nan
224.939638	69.384181
224.958413	69.377140
224.981882	69.372446
225.047593	69.365406
225.094530	69.395915
225.047593	69.431117
224.972494	69.461626
225.071061	69.461626
225.169628	69.426424
225.268195	69.452239
225.347988	69.421730
225.455942	69.461626
225.502879	69.515603
225.423087	69.492135
225.347988	69.515603
225.423087	69.546112
225.479411	69.588355
225.521654	69.637639
225.446555	69.679882
225.423087	69.736206
225.502879	69.752634
225.512266	69.733859
225.502879	69.691616
225.587365	69.668148
225.685932	69.644679
225.676545	69.588355
225.742256	69.553153
225.840823	69.529684
225.944084	69.569581
226.028570	69.602436
226.117750	69.560193
226.108362	69.492135
226.061426	69.438158
225.920616	69.379487
225.798580	69.309082
225.685932	69.236330
225.545122	69.154191
225.399618	69.107254
225.282276	69.048583
225.169628	69.050930
225.061674	69.072052
225.038206	69.050930
225.047593	69.025115
224.939638	69.072052
224.958413	69.107254
225.127385	69.090826
225.258808	69.137763
225.333907	69.208168
225.249421	69.182353
225.103917	69.135416
225.005350	69.158884
224.873927	69.201127
224.784747	69.290307
224.761279	69.365406
224.672099	69.391221
224.639244	69.426424
224.686180	69.461626
224.751892	69.461626
224.841071	69.431117
224.892702	69.391221
224.925557	69.384181
224.939638	69.384181
nan nan
224.045494	69.266839
224.012639	69.266839
224.012639	69.264492
224.003251	69.231636
224.003251	69.208168
224.012639	69.182353
224.012639	69.147150
224.068963	69.126029
224.167530	69.107254
224.214466	69.060317
224.223854	69.043889
224.313034	69.050930
224.420988	69.036849
224.519555	68.996953
224.575879	68.973484
224.674446	68.966444
224.754239	68.961750
224.796482	68.928895
224.876274	68.914814
224.960760	68.921854
224.984228	68.957057
224.941985	68.985219
224.876274	69.020421
224.829337	69.036849
224.754239	69.043889
224.707302	69.072052
224.655671	69.083786
224.599347	69.090826
224.557104	69.102560
224.566492	69.118988
224.599347	69.147150
224.566492	69.158884
224.486699	69.170619
224.402213	69.172965
224.355277	69.189393
224.313034	69.236330
224.266097	69.266839
224.214466	69.285614
224.158142	69.290307
224.115899	69.285614
224.068963	69.271532
224.045494	69.266839
nan nan
220.565138	59.954597
220.443102	60.025002
220.365657	60.086020
220.288211	60.057858
nan nan
214.678564	70.000000
214.686316	69.989664
214.916306	69.989664
215.047728	69.982624
nan nan
215.152422	70.000000
215.202620	69.982624
215.390366	69.982624
nan nan
217.452498	70.000000
217.547108	69.956808
217.537720	69.933340
217.692612	69.914565
217.889746	69.874669
217.922601	69.834773
218.025862	69.820692
218.199528	69.806611
218.312176	69.790183
218.420131	69.766715
218.499923	69.729165
218.551553	69.691616
218.607877	69.656413
218.682976	69.637639
218.729913	69.672841
218.772156	69.698656
218.772156	69.729165
218.786237	69.740900
218.837867	69.745593
218.917660	69.745593
218.973984	69.724472
218.992758	69.722125
nan nan
218.995105	69.722125
219.009186	69.703350
219.051429	69.698656
219.173465	69.672841
219.361211	69.654067
219.624057	69.644679
219.802416	69.649373
219.966695	69.656413
nan nan
218.598490	59.992146
218.488189	60.032043
218.356766	60.008574
nan nan
217.915561	59.987453
217.781791	60.003881
217.659756	60.025002
217.507212	60.036736
217.385176	60.086020
217.242019	60.097754
217.164574	60.109488
217.087128	60.069592
216.976827	60.109488
216.911116	60.114182
216.854791	60.053164
216.711635	60.048470
216.533275	60.041430
216.368997	60.048470
216.246961	60.041430
216.127273	60.025002
216.026359	60.003881
215.927792	60.003881
215.862080	60.015615
215.784635	60.032043
215.817490	60.064898
215.805756	60.097754
215.707189	60.168159
215.596888	60.201015
215.507708	60.196321
215.418528	60.224483
215.364551	60.233870
215.341083	60.196321
215.275371	60.217443
215.197926	60.273767
215.087625	60.299582
215.021913	60.323050
215.021913	60.398149
214.977323	60.459167
214.923346	60.484982
214.899878	60.492022
nan nan
212.184590	60.015615
212.208058	60.048470
212.229179	60.053164
212.318359	60.086020
212.449782	60.130610
212.527227	60.196321
212.604673	60.233870
212.682119	60.283154
212.714974	60.360600
212.736096	60.393455
212.747830	60.377027
212.804154	60.348865
212.792420	60.311316
212.914455	60.327744
212.935577	60.294888
212.780686	60.208055
212.658650	60.130610
212.527227	60.057858
212.515493	60.003881
nan nan
212.163468	59.975719
212.172855	60.003881
212.184590	60.015615
nan nan
213.189035	60.386415
213.144445	60.360600
213.167913	60.381721
213.177301	60.447432
213.221891	60.492022
213.311070	60.513144
213.388516	60.484982
213.442493	60.496716
213.498817	60.442739
213.620853	60.442739
213.686564	60.447432
213.740541	60.426311
213.719420	60.386415
213.519939	60.348865
213.388516	60.311316
213.332192	60.306622
213.343926	60.355906
213.278215	60.372334
213.221891	60.360600
213.189035	60.386415
nan nan
214.845901	60.492022
214.801311	60.484982
214.744987	60.459167
214.744987	60.414577
214.712131	60.381721
214.712131	60.348865
214.568974	60.339478
214.458673	60.372334
214.371840	60.419270
214.270926	60.475594
214.184093	60.517837
214.116035	60.529572
214.083179	60.534265
214.050323	60.545999
214.073792	60.550693
214.139503	60.604670
214.184093	60.653954
214.148891	60.675075
214.073792	60.670382
213.984612	60.670382
213.940022	60.691503
213.886045	60.703237
213.731154	60.679769
213.576263	60.658648
213.653708	60.707931
213.829721	60.815886
213.752275	60.832313
213.576263	60.783030
213.433106	60.712625
213.289949	60.717318
213.167913	60.729053
213.212503	60.745480
213.376782	60.766602
213.498817	60.808845
213.653708	60.853435
213.641974	60.900372
213.519939	60.890984
213.332192	60.846394
213.212503	60.862822
213.212503	60.933227
213.221891	60.970777
213.254746	61.013020
213.266481	61.078731
213.543407	61.104546
213.564529	61.142096
213.343926	61.142096
213.123324	61.092812
213.001288	61.003632
212.837010	60.982511
212.714974	60.998939
212.616407	60.982511
212.538962	60.982511
212.428660	60.975470
212.283157	60.982511
212.283157	61.050569
212.208058	61.172604
212.172855	61.078731
212.172855	60.937921
212.107144	60.895678
211.952253	60.890984
211.853686	60.937921
211.910010	61.029448
212.086022	61.179645
212.086022	61.268825
211.898276	61.172604
211.797362	61.066997
211.731650	61.062303
211.710529	61.099853
211.698795	61.120974
211.677673	61.130361
211.600228	61.109240
211.433602	61.008326
211.567372	61.003632
211.621349	60.991898
211.522782	60.895678
211.302180	60.862822
211.234121	60.799458
211.313914	60.787724
211.302180	60.729053
211.489926	60.745480
211.489926	60.696197
211.600228	60.740787
211.621349	60.740787
211.611962	60.653954
211.445337	60.588243
211.257590	60.562427
211.290445	60.484982
211.489926	60.517837
211.600228	60.517837
211.764506	60.604670
211.853686	60.538959
211.841952	60.492022
211.809096	60.447432
211.722263	60.442739
211.677673	60.402843
211.576759	60.360600
211.489926	60.266726
211.532169	60.266726
211.611962	60.278460
211.644817	60.250298
211.710529	60.240911
211.633083	60.168159
211.511048	60.142344
211.433602	60.151731
211.389012	60.069592
211.356157	60.020308
211.257590	60.015615
nan nan
210.804651	59.975719
210.706083	60.008574
210.605170	60.008574
nan nan
210.527724	59.987453
210.462013	60.102448
210.452625	60.015615
nan nan
209.955096	60.937921
210.086519	60.961389
210.286000	60.944961
210.518337	60.916799
210.760061	60.895678
210.870362	60.895678
210.804651	60.923840
210.605170	60.954349
210.485481	60.991898
210.286000	61.024754
210.119375	61.041182
210.020808	61.045875
nan nan
209.966830	61.226582
210.032542	61.252397
210.131109	61.336883
210.297734	61.407288
210.370486	61.437797
210.440891	61.522283
210.358752	61.517589
210.220289	61.449531
nan nan
199.927070	66.455330
200.124204	66.464718
200.321338	66.469411
200.476229	66.509308
200.476229	66.565632
200.368275	66.589100
200.124204	66.556244
nan nan
199.894214	66.575019
200.081961	66.614915
200.199303	66.619609
200.321338	66.640730
200.410518	66.682973
200.255627	66.678280
200.124204	66.692361
nan nan
208.199664	59.947557
208.220785	60.015615
208.321699	60.118875
208.464856	60.201015
208.542301	60.283154
208.586891	60.435698
208.575157	60.571815
208.518833	60.691503
208.596279	60.761908
208.640869	60.766602
208.772291	60.799458
208.950651	60.841701
209.114929	60.886291
209.269820	60.961389
209.403590	61.003632
209.523279	61.020060
209.645314	60.912106
209.779084	60.895678
209.955096	60.937921
nan nan
210.020808	61.045875
209.877651	61.109240
209.865916	61.200766
209.966830	61.226582
nan nan
210.142843	61.449531
209.978565	61.365045
209.790818	61.264131
209.626539	61.247703
209.415324	61.247703
209.316757	61.301680
209.340225	61.400247
209.396549	61.522283
209.504504	61.623197
209.617152	61.717070
209.715719	61.832065
209.739187	61.961141
209.781430	62.094911
209.804899	62.188784
209.781430	62.266230
209.692251	62.285004
209.650008	62.188784
209.650008	62.111339
209.617152	62.033893
209.527972	61.918898
209.462261	61.815637
209.373081	61.712377
209.265127	61.623197
209.199415	61.543404
209.161866	61.437797
209.199415	61.358004
209.187681	61.296987
209.011668	61.200766
208.877899	61.146789
208.755863	61.078731
208.535261	61.029448
208.370982	60.982511
208.138646	60.923840
208.105790	60.799458
207.995489	60.733746
207.885188	60.670382
207.796008	60.609364
207.751418	60.588243
207.631729	60.409883
207.554284	60.360600
207.408780	60.299582
207.310213	60.245605
207.223380	60.245605
207.077876	60.250298
206.958188	60.316010
206.836152	60.299582
206.967575	60.240911
207.110732	60.191627
207.211646	60.142344
207.256236	60.086020
207.244502	60.020308
nan nan
195.449308	63.050073
195.294417	63.010176
195.294417	63.024257
195.336660	63.028951
195.416453	63.045379
195.515020	63.045379
195.613587	63.028951
195.669911	63.005483
nan nan
196.242539	63.000789
196.266007	63.005483
196.331718	63.028951
196.430285	63.059460
196.519465	63.099356
196.618032	63.064154
196.815166	63.035992
196.970057	63.064154
197.082706	63.134559
197.223516	63.188536
197.387794	63.263635
197.542685	63.362202
197.641252	63.460769
197.721045	63.491278
197.894710	63.495971
197.918179	63.474850
197.819612	63.420873
197.730432	63.388017
197.796143	63.388017
197.960422	63.420873
198.129394	63.437300
198.303060	63.420873
198.425095	63.460769
198.636310	63.456075
198.777120	63.479543
198.922624	63.540561
199.054047	63.622700
199.152614	63.700146
199.208938	63.758817
199.208938	63.808100
199.232406	63.866771
199.208938	63.923095
199.176082	63.986460
199.054047	64.026356
199.086903	64.059212
199.100984	64.127270
199.044660	64.174207
198.913237	64.284508
198.824057	64.385422
198.659779	64.418277
198.556518	64.376034
198.514275	64.432358
198.523662	64.516845
198.678553	64.516845
198.833445	64.479295
198.932012	64.502764
199.063434	64.512151
199.176082	64.582556
199.251181	64.664695
199.251181	64.772650
199.166695	64.791424
199.044660	64.861829
198.955480	64.899379
198.847526	64.866523
198.734877	64.838361
198.622229	64.777343
198.523662	64.767956
198.401627	64.796118
198.237348	64.814893
198.270204	64.758569
198.105926	64.735100
197.885323	64.688163
197.777369	64.617758
197.556766	64.526232
197.401875	64.408890
197.289227	64.284508
197.223516	64.284508
197.167192	64.422971
197.148417	64.507457
196.979445	64.559088
196.871490	64.631839
196.758842	64.627146
196.608645	64.622452
196.660275	64.577862
196.782311	64.530926
196.946589	64.512151
196.927814	64.437052
196.880878	64.404196
196.815166	64.441746
196.660275	64.512151
196.430285	64.559088
196.364574	64.573169
196.308250	64.573169
196.186214	64.559088
196.129890	64.554394
196.064179	64.535619
195.909288	64.540313
195.693379	64.563781
195.505632	64.526232
195.350741	64.493376
195.130139	64.441746
194.942392	64.488683
194.773420	64.512151
194.585673	64.507457
194.388539	64.526232
194.135081	64.540313
193.961415	64.563781
193.825298	64.568475
193.783055	64.587250
193.759587	64.608371
193.670407	64.622452
193.553065	64.683470
193.487354	64.730407
193.529597	64.828974
193.520210	64.915806
193.318382	65.004986
193.210428	65.094166
193.088392	65.195080
193.144716	65.265485
193.196347	65.232629
193.177572	65.166918
193.351238	65.141103
193.496741	65.242017
193.651633	65.277219
193.806524	65.295994
193.553065	65.319462
193.318382	65.361705
193.130635	65.382827
193.219815	65.333543
193.163491	65.319462
192.877177	65.371093
192.637800	65.392214
192.417197	65.462619
192.173126	65.535371
191.975992	65.579961
191.863344	65.624551
191.863344	65.692609
191.975992	65.730158
192.083947	65.744239
192.041704	65.701996
191.961911	65.648019
192.060478	65.652713
192.173126	65.685568
192.295162	65.716077
192.482909	65.753627
192.450053	65.765361
192.450053	65.802910
192.515764	65.852194
192.689430	65.906171
192.792691	65.856887
192.975744	65.896784
193.064924	65.960148
193.088392	66.004738
193.163491	65.981270
193.266752	66.054022
193.473273	66.110346
193.693876	66.164323
193.858154	66.187791
193.881622	66.143201
193.961415	66.110346
194.167936	66.124427
194.355683	66.124427
194.444863	66.143201
194.322827	66.218300
194.158549	66.267584
194.346296	66.354416
194.501187	66.394313
194.576286	66.422475
194.656078	66.408394
194.773420	66.438902
194.928311	66.443596
195.008103	66.455330
195.172382	66.535123
195.294417	66.591447
195.435227	66.596140
195.590118	66.591447
195.791946	66.600834
195.998468	66.626649
196.200296	66.626649
196.341106	66.614915
196.298863	66.600834
196.054792	66.600834
195.998468	66.584406
196.176827	66.539816
196.219070	66.474105
196.176827	66.382578
196.200296	66.302786
196.111116	66.267584
195.899901	66.208913
195.909288	66.199525
196.111116	66.204219
196.176827	66.192485
196.176827	66.124427
196.341106	66.070449
196.561708	66.089224
196.772923	66.084530
196.979445	66.070449
197.068625	66.049328
197.134336	66.093918
197.279840	66.103305
197.256371	66.058715
197.336164	66.084530
197.378407	66.054022
197.476974	66.061062
197.608397	66.070449
197.706964	66.039941
197.739819	66.061062
197.908791	66.075143
198.007359	66.030553
198.049602	65.981270
198.171637	65.964842
198.237348	66.000044
198.237348	66.054022
198.326528	66.110346
198.415708	66.208913
198.490807	66.279318
198.556518	66.272277
198.669166	66.248809
198.791201	66.227687
198.856913	66.222994
198.899156	66.173710
198.880381	66.133814
199.044660	66.213606
199.054047	66.274624
198.932012	66.333295
198.702022	66.368497
198.448564	66.399006
198.227961	66.408394
198.138781	66.328601
198.181024	66.293399
198.040214	66.314520
198.040214	66.394313
198.129394	66.474105
198.030827	66.549204
197.918179	66.675933
197.983890	66.636037
198.096538	66.539816
198.270204	66.478799
198.439176	66.464718
198.589374	66.474105
198.725490	66.523389
198.800589	66.530429
198.833445	66.488186
198.955480	66.478799
199.011804	66.448290
199.133839	66.424821
199.218325	66.373191
199.340361	66.363804
199.575044	66.368497
199.706467	66.382578
199.781566	66.424821
199.927070	66.455330
nan nan
200.126551	66.556244
199.948191	66.535123
199.905948	66.495227
199.807381	66.514001
199.896561	66.575019
nan nan
200.126551	66.692361
199.995128	66.652464
199.830849	66.671239
199.774525	66.645424
199.708814	66.614915
199.661877	66.600834
199.530455	66.589100
199.431887	66.575019
199.309852	66.614915
199.145574	66.652464
198.981295	66.645424
198.849872	66.645424
198.802936	66.605528
198.737224	66.619609
198.760693	66.692361
198.694981	66.661852
198.694981	66.579713
198.648045	66.539816
198.483766	66.579713
198.352343	66.621956
198.206840	66.711135
198.117660	66.762766
198.173984	66.823783
198.230308	66.896535
198.403974	66.922351
198.474379	66.957553
198.328875	67.011530
198.197452	67.034999
198.051948	67.042039
197.976850	67.037345
197.878283	67.030305
197.690536	67.009183
197.502789	66.962247
197.422997	66.990409
197.502789	67.051426
197.577888	67.107751
197.643599	67.161728
197.577888	67.166421
197.469933	67.149994
197.469933	67.135913
197.502789	67.107751
197.488708	67.081935
197.357285	67.088976
197.225862	67.093669
197.193007	67.037345
197.117908	67.004490
197.169538	66.969287
196.948936	66.999796
196.742414	67.037345
196.587523	67.081935
196.319984	67.107751
196.244885	67.218052
196.221417	67.302538
196.254273	67.316619
196.179174	67.354168
196.122850	67.448042
196.057139	67.506712
195.892860	67.560690
195.892860	67.593545
195.813068	67.619361
195.794293	67.631095
195.625321	67.699153
195.371863	67.757824
195.184116	67.811801
195.010450	67.882206
194.832091	67.938530
194.634956	68.006588
194.414354	68.030057
194.193751	68.079340
194.015392	68.121583
193.907438	68.194335
193.719691	68.267087
193.541331	68.304636
193.386440	68.325758
193.255017	68.339839
193.114207	68.365654
193.156450	68.405550
193.301954	68.443100
193.419296	68.473609
193.489701	68.485343
193.419296	68.426672
193.301954	68.393816
193.287873	68.384429
193.400521	68.382082
193.475620	68.426672
193.574187	68.450140
193.719691	68.471262
193.827645	68.511158
193.743159	68.494730
193.663367	68.506464
193.686835	68.558095
193.696222	68.626153
193.696222	68.734107
193.719691	68.811553
193.743159	68.846755
193.729078	68.877264
nan nan
193.729078	68.877264
193.729078	68.891345
193.794790	68.891345
193.940293	68.891345
194.128040	68.903079
194.137427	68.881958
193.982536	68.853796
194.184364	68.846755
194.404967	68.874917
194.677200	68.905426
194.911883	68.914814
195.085549	68.933588
195.306151	68.933588
195.517366	68.954710
195.714501	68.973484
195.982040	68.992259
196.047751	69.015727
196.188561	69.067358
196.432632	69.147150
196.531199	69.229289
196.662622	69.306735
196.709559	69.372446
196.775270	69.463973
196.784657	69.356019
196.840981	69.386527
196.930161	69.499176
196.981792	69.583662
196.963017	69.644679
197.117908	69.595396
197.315042	69.550806
197.380754	69.576621
197.169538	69.618864
196.963017	69.710391
196.981792	69.733859
197.103827	69.747940
197.305655	69.747940
197.601356	69.747940
197.667067	69.764368
197.545032	69.771408
197.422997	69.776102
197.249331	69.776102
197.070971	69.801917
197.202394	69.858241
197.305655	69.912218
197.469933	69.970889
nan nan
197.747192	70.000000
197.789103	69.980277
197.929913	69.952115
198.131741	69.921606
198.305407	69.888750
198.296019	69.926299
198.098885	69.956808
nan nan
197.533298	66.931738
197.599009	66.908270
197.631865	66.931738
197.674108	66.957553
197.730432	66.957553
197.777369	66.896535
197.852467	66.840211
197.941647	66.793275
197.983890	66.753378
197.951035	66.722870
197.777369	66.736951
197.655333	66.741644
197.575541	66.769806
197.486361	66.830824
197.467586	66.866026
197.476974	66.896535
197.476974	66.931738
197.533298	66.931738
nan nan
190.166582	63.035992
190.166582	63.035992
190.166582	63.080581
190.114952	63.115784
nan nan
189.999999	63.471598
190.023425	63.465462
190.154848	63.451381
190.262803	63.420873
190.351982	63.397404
190.398919	63.352814
190.431775	63.343427
190.539729	63.338733
190.628909	63.322305
190.704008	63.303531
190.760332	63.308224
190.826043	63.331693
190.980934	63.343427
191.079501	63.312918
191.201537	63.308224
191.225005	63.268328
191.201537	63.237819
191.201537	63.214351
191.159294	63.179149
191.013790	63.153333
190.882367	63.169761
190.750944	63.188536
190.628909	63.183842
190.563198	63.134559
190.506873	63.108743
190.450549	63.075888
190.431775	63.045379
190.286271	63.045379
nan nan
192.433625	60.262032
192.457093	60.266726
192.600250	60.262032
192.743407	60.250298
192.931154	60.266726
193.118901	60.273767
193.262058	60.327744
193.384093	60.360600
193.482660	60.393455
193.604696	60.402843
193.714997	60.393455
193.837033	60.348865
194.013045	60.339478
194.144468	60.332437
194.233648	60.323050
194.278238	60.306622
194.266503	60.217443
194.254769	60.086020
194.332215	60.097754
194.343949	60.041430
194.311093	60.003881
nan nan
192.787997	59.999187
192.677696	60.036736
192.588516	60.081326
192.522805	60.118875
192.511071	60.184587
192.433625	60.224483
192.433625	60.262032
nan nan
194.620875	60.670382
194.630263	60.703237
194.707708	60.729053
194.808622	60.757215
194.951779	60.804151
194.996369	60.858129
195.139526	60.837007
195.336660	60.808845
195.592465	60.761908
195.679298	60.679769
195.679298	60.621098
195.559610	60.538959
195.371863	60.435698
195.261561	60.381721
195.151260	60.463860
195.062080	60.595283
194.951779	60.621098
194.808622	60.653954
194.707708	60.653954
194.620875	60.670382
nan nan
195.669911	63.005483
195.768478	62.974974
195.702766	62.899875
195.679298	62.829470
195.632361	62.780187
195.524407	62.780187
195.402372	62.798961
195.261561	62.794268
195.158301	62.740290
195.092589	62.702741
195.036265	62.733250
195.026878	62.780187
195.026878	62.829470
195.036265	62.881100
195.449308	63.050073
nan nan
197.810224	59.982759
197.723392	60.064898
197.711657	60.147038
197.655333	60.240911
197.556766	60.278460
197.523911	60.316010
197.556766	60.365293
197.667067	60.447432
197.843080	60.571815
198.021440	60.653954
198.197452	60.740787
198.328875	60.804151
198.439176	60.846394
198.439176	60.853435
198.429789	60.858129
198.361731	60.846394
198.197452	60.841701
198.087151	60.799458
197.953381	60.712625
197.756247	60.653954
197.655333	60.609364
197.568500	60.529572
197.425343	60.409883
197.347898	60.355906
197.413609	60.257339
197.545032	60.212749
197.568500	60.163465
197.458199	60.142344
197.425343	60.081326
nan nan
195.932756	59.975719
195.923369	60.003881
195.989080	60.032043
195.944490	60.076632
195.801334	60.053164
195.669911	60.008574
195.580731	60.025002
195.503285	60.093060
195.414106	60.196321
195.414106	60.273767
195.458696	60.348865
195.559610	60.431005
195.658177	60.484982
195.768478	60.555387
195.834189	60.625792
195.878779	60.653954
196.033670	60.691503
196.188561	60.707931
196.275394	60.771296
196.221417	60.862822
196.054792	60.858129
195.944490	60.825273
195.845923	60.815886
195.702766	60.820579
195.592465	60.841701
195.449308	60.853435
195.303804	60.886291
195.226359	60.900372
195.327273	60.975470
195.392984	61.034141
195.261561	61.020060
195.127792	61.020060
195.062080	61.034141
195.038612	61.113934
194.972901	61.055263
194.874334	60.991898
194.796888	60.975470
194.707708	61.003632
194.630263	61.055263
194.609141	61.125668
194.552817	61.167911
194.531696	61.210154
194.498840	61.268825
194.531696	61.336883
194.609141	61.395554
194.559858	61.407288
194.503534	61.369739
194.383845	61.322802
194.273544	61.348617
194.130387	61.400247
194.135081	61.449531
194.196098	61.517589
194.273544	61.548098
194.374458	61.555139
194.468331	61.576260
194.423741	61.606769
194.484759	61.627890
194.473025	61.665440
194.379151	61.658399
194.301706	61.637278
194.252422	61.590341
194.186711	61.564526
194.118653	61.543404
194.048248	61.548098
194.003658	61.538711
193.970802	61.512896
193.975496	61.576260
193.998964	61.637278
194.048248	61.653706
194.097531	61.658399
194.125693	61.695949
194.097531	61.721764
194.048248	61.742885
194.024779	61.768701
194.024779	61.815637
194.052941	61.836759
194.109265	61.825025
194.158549	61.841452
194.196098	61.846146
194.219567	61.888389
194.212526	61.925939
194.207832	61.977569
194.207832	62.033893
194.219567	62.085523
194.235995	62.127766
194.252422	62.167663
194.280584	62.228680
194.301706	62.270923
194.313440	62.322554
194.346296	62.362450
194.374458	62.374184
194.379151	62.383571
194.412007	62.423468
194.451903	62.470404
194.494146	62.500913
194.534043	62.552544
194.595060	62.566625
194.644344	62.540809
194.660772	62.587746
194.677200	62.618255
194.731177	62.667538
194.787501	62.728556
194.848518	62.754371
194.886068	62.754371
194.914230	62.749678
194.947086	62.740290
194.996369	62.728556
195.047999	62.723862
195.080855	62.763759
195.057387	62.834164
195.036265	62.864673
195.047999	62.899875
195.080855	62.944465
195.240440	63.000789
nan nan
189.999999	66.128254
190.056281	66.110346
190.131380	66.133814
190.309739	66.115039
190.220560	66.030553
190.042200	66.049328
nan nan
190.112605	63.115784
189.999999	63.135199
nan nan
190.044547	66.049328
189.999999	66.046920
nan nan
231.578835	69.949768
231.633373	70.000000
nan nan
235.141331	69.989664
235.091721	70.000000
nan nan
234.810427	69.942727
234.796682	70.000000
nan nan
235.296222	69.961502
235.350760	70.000000
nan nan
228.976195	69.970889
228.991870	70.000000
nan nan
215.047728	69.982624
215.061243	70.000000
nan nan
215.388020	69.982624
215.444492	70.000000
nan nan
197.467586	69.970889
197.503415	70.000000
nan nan
198.096538	69.956808
197.982671	70.000000
